# Matter power spectrum P(k) at redshift z=0
# for k=2.08005e-07 to 100.006 h/Mpc,
# number of wavenumbers equal to 1835
#    1:k (h/Mpc)              2:P (Mpc/h)^3        
       2.080052951307e-07       1.137180032701e+00 
       2.100981444932e-07       1.148222841473e+00 
       2.122120511008e-07       1.159372883595e+00 
       2.143472268212e-07       1.170631200378e+00 
       2.165038856540e-07       1.181998843244e+00 
       2.186822437521e-07       1.193476873825e+00 
       2.208825194430e-07       1.205066364063e+00 
       2.231049332509e-07       1.216768396309e+00 
       2.253497079190e-07       1.228584063423e+00 
       2.276170684315e-07       1.240514468879e+00 
       2.299072420364e-07       1.252560726866e+00 
       2.322204582680e-07       1.264723962394e+00 
       2.345569489701e-07       1.277005311394e+00 
       2.369169483193e-07       1.289405920831e+00 
       2.393006928483e-07       1.301926948807e+00 
       2.417084214697e-07       1.314569564669e+00 
       2.441403755000e-07       1.327334949121e+00 
       2.465967986835e-07       1.340224294330e+00 
       2.490779372170e-07       1.353238804042e+00 
       2.515840397747e-07       1.366379693690e+00 
       2.541153575325e-07       1.379648190513e+00 
       2.566721441936e-07       1.393045533664e+00 
       2.592546560140e-07       1.406572974331e+00 
       2.618631518277e-07       1.420231775851e+00 
       2.644978930733e-07       1.434023213829e+00 
       2.671591438197e-07       1.447948576258e+00 
       2.698471707928e-07       1.462009163636e+00 
       2.725622434021e-07       1.476206289093e+00 
       2.753046337677e-07       1.490541278710e+00 
       2.780746167479e-07       1.505015397116e+00 
       2.808724699662e-07       1.519630205975e+00 
       2.836984738396e-07       1.534386821483e+00 
       2.865529116066e-07       1.549286770914e+00 
       2.894360693551e-07       1.564331441155e+00 
       2.923482360520e-07       1.579522168209e+00 
       2.952897035714e-07       1.594860427943e+00 
       2.982607667239e-07       1.610347695360e+00 
       3.012617232867e-07       1.625985309362e+00 
       3.042928740329e-07       1.641774735006e+00 
       3.073545227619e-07       1.657717536519e+00 
       3.104469763297e-07       1.673815118246e+00 
       3.135705446798e-07       1.690069026819e+00 
       3.167255408742e-07       1.706480772263e+00 
       3.199122811248e-07       1.723051887410e+00 
       3.231310848251e-07       1.739783905016e+00 
       3.263822745820e-07       1.756678364313e+00 
       3.296661762484e-07       1.773736985299e+00 
       3.329831189560e-07       1.790961126419e+00 
       3.363334351478e-07       1.808352604142e+00 
       3.397174606118e-07       1.825912964449e+00 
       3.431355345145e-07       1.843643848589e+00 
       3.465879994348e-07       1.861546994318e+00 
       3.500752013988e-07       1.879623910485e+00 
       3.535974899138e-07       1.897876308523e+00 
       3.571552180039e-07       1.916306064788e+00 
       3.607487422451e-07       1.934914654103e+00 
       3.643784228010e-07       1.953704115142e+00 
       3.680446234591e-07       1.972675940374e+00 
       3.717477116671e-07       1.991831995215e+00 
       3.754880585699e-07       2.011174068664e+00 
       3.792660390465e-07       2.030703967090e+00 
       3.830820317479e-07       2.050423514404e+00 
       3.869364191348e-07       2.070334552230e+00 
       3.908295875161e-07       2.090438940072e+00 
       3.947619270876e-07       2.110738524760e+00 
       3.987338319708e-07       2.131235263258e+00 
       4.027457002531e-07       2.151931039332e+00 
       4.067979340269e-07       2.172827785780e+00 
       4.108909394304e-07       2.193927454157e+00 
       4.150251266882e-07       2.215232014976e+00 
       4.192009101522e-07       2.236743457896e+00 
       4.234187083437e-07       2.258463791872e+00 
       4.276789439944e-07       2.280395045387e+00 
       4.319820440898e-07       2.302539266616e+00 
       4.363284399114e-07       2.324898568084e+00 
       4.407185670799e-07       2.347474924484e+00 
       4.451528655992e-07       2.370270539141e+00 
       4.496317799000e-07       2.393287529540e+00 
       4.541557588851e-07       2.416528015250e+00 
       4.587252559737e-07       2.439994182228e+00 
       4.633407291469e-07       2.463688221996e+00 
       4.680026409941e-07       2.487612347356e+00 
       4.727114587589e-07       2.511768788727e+00 
       4.774676543862e-07       2.536159801515e+00 
       4.822717045692e-07       2.560787683325e+00 
       4.871240907975e-07       2.585654712144e+00 
       4.920252994051e-07       2.610763218442e+00 
       4.969758216194e-07       2.636115513752e+00 
       5.019761536101e-07       2.661713648115e+00 
       5.070267965395e-07       2.687561003844e+00 
       5.121282566118e-07       2.713658854488e+00 
       5.172810451249e-07       2.740010603555e+00 
       5.224856785208e-07       2.766618017161e+00 
       5.277426784379e-07       2.793483842884e+00 
       5.330525717629e-07       2.820610507534e+00 
       5.384158906839e-07       2.848000559268e+00 
       5.438331727435e-07       2.875656623462e+00 
       5.493049608930e-07       2.903581249021e+00 
       5.548318035464e-07       2.931777041200e+00 
       5.604142546358e-07       2.960246633940e+00 
       5.660528736664e-07       2.988992686982e+00 
       5.717482257732e-07       3.018018065021e+00 
       5.775008817770e-07       3.047325109428e+00 
       5.833114182422e-07       3.076916765437e+00 
       5.891804175342e-07       3.106795773153e+00 
       5.951084678779e-07       3.136964868949e+00 
       6.010961634165e-07       3.167426978364e+00 
       6.071441042714e-07       3.198184939971e+00 
       6.132528966020e-07       3.229241519223e+00 
       6.194231526667e-07       3.260599654533e+00 
       6.256554908839e-07       3.292262399412e+00 
       6.319505358945e-07       3.324232520321e+00 
       6.383089186241e-07       3.356513134878e+00 
       6.447312763465e-07       3.389107240396e+00 
       6.512182527472e-07       3.422017826948e+00 
       6.577704979884e-07       3.455247998826e+00 
       6.643886687738e-07       3.488800858548e+00 
       6.710734284145e-07       3.522679539845e+00 
       6.778254468957e-07       3.556887208525e+00 
       6.846454009434e-07       3.591427055568e+00 
       6.915339740928e-07       3.626302307793e+00 
       6.984918567562e-07       3.661516224415e+00 
       7.055197462927e-07       3.697072091640e+00 
       7.126183470777e-07       3.732973230837e+00 
       7.197883705741e-07       3.769222995876e+00 
       7.270305354026e-07       3.805824771733e+00 
       7.343455674149e-07       3.842781964980e+00 
       7.417341997654e-07       3.880098048532e+00 
       7.491971729854e-07       3.917776498315e+00 
       7.567352350571e-07       3.955820831238e+00 
       7.643491414883e-07       3.994234638499e+00 
       7.720396553887e-07       4.033021434046e+00 
       7.798075475457e-07       4.072184766303e+00 
       7.876535965023e-07       4.111728619330e+00 
       7.955785886345e-07       4.151656364262e+00 
       8.035833182308e-07       4.191971575430e+00 
       8.116685875711e-07       4.232678707194e+00 
       8.198352070076e-07       4.273780959423e+00 
       8.280839950461e-07       4.315282166028e+00 
       8.364157784274e-07       4.357186554458e+00 
       8.448313922109e-07       4.399498044929e+00 
       8.533316798577e-07       4.442220228897e+00 
       8.619174933157e-07       4.485357274142e+00 
       8.705896931044e-07       4.528913210505e+00 
       8.793491484016e-07       4.572891859511e+00 
       8.881967371304e-07       4.617297813061e+00 
       8.971333460469e-07       4.662135261895e+00 
       9.061598708296e-07       4.707407834132e+00 
       9.152772161687e-07       4.753119753432e+00 
       9.244862958570e-07       4.799275952785e+00 
       9.337880328814e-07       4.845880244171e+00 
       9.431833595157e-07       4.892937089867e+00 
       9.526732174134e-07       4.940451057878e+00 
       9.622585577027e-07       4.988426040861e+00 
       9.719403410816e-07       5.036867127423e+00 
       9.817195379142e-07       5.085778608572e+00 
       9.915971283278e-07       5.135165173351e+00 
       1.001574102311e-06       5.185031080314e+00 
       1.011651459815e-06       5.235381446861e+00 
       1.021830210848e-06       5.286220521888e+00 
       1.032111375585e-06       5.337553696115e+00 
       1.042495984464e-06       5.389384742510e+00 
       1.052985078288e-06       5.441719413240e+00 
       1.063579708336e-06       5.494562603999e+00 
       1.074280936462e-06       5.547918305718e+00 
       1.085089835205e-06       5.601792774940e+00 
       1.096007487895e-06       5.656189742828e+00 
       1.107034988762e-06       5.711115261514e+00 
       1.118173443046e-06       5.766574169793e+00 
       1.129423967106e-06       5.822571603666e+00 
       1.140787688536e-06       5.879112821161e+00 
       1.152265746271e-06       5.936203382806e+00 
       1.163859290710e-06       5.993848042327e+00 
       1.175569483824e-06       6.052052471315e+00 
       1.187397499276e-06       6.110821802682e+00 
       1.199344522537e-06       6.170162499438e+00 
       1.211411751008e-06       6.230078997997e+00 
       1.223600394136e-06       6.290577450643e+00 
       1.235911673535e-06       6.351663374549e+00 
       1.248346823114e-06       6.413342436756e+00 
       1.260907089195e-06       6.475620150834e+00 
       1.273593730639e-06       6.538503126296e+00 
       1.286408018976e-06       6.601996595624e+00 
       1.299351238526e-06       6.666106447731e+00 
       1.312424686535e-06       6.730839017135e+00 
       1.325629673297e-06       6.796199796559e+00 
       1.338967522292e-06       6.862195610527e+00 
       1.352439570318e-06       6.928832298293e+00 
       1.366047167619e-06       6.996116465351e+00 
       1.379791678028e-06       7.064053206435e+00 
       1.393674479098e-06       7.132650077369e+00 
       1.407696962244e-06       7.201913052725e+00 
       1.421860532880e-06       7.271848628558e+00 
       1.436166610559e-06       7.342463327212e+00 
       1.450616629120e-06       7.413763743480e+00 
       1.465212036827e-06       7.485756962625e+00 
       1.479954296515e-06       7.558448859234e+00 
       1.494844885739e-06       7.631846208325e+00 
       1.509885296918e-06       7.705956745061e+00 
       1.525077037490e-06       7.780786994022e+00 
       1.540421630059e-06       7.856343938337e+00 
       1.555920612546e-06       7.932634488238e+00 
       1.571575538351e-06       8.009665742301e+00 
       1.587387976499e-06       8.087445149327e+00 
       1.603359511803e-06       8.165979885556e+00 
       1.619491745025e-06       8.245277184981e+00 
       1.635786293027e-06       8.325344896329e+00 
       1.652244788944e-06       8.406189665167e+00 
       1.668868882342e-06       8.487819595545e+00 
       1.685660239381e-06       8.570242212514e+00 
       1.702620542989e-06       8.653465062698e+00 
       1.719751493025e-06       8.737496124442e+00 
       1.737054806452e-06       8.822343314144e+00 
       1.754532217506e-06       8.908014579435e+00 
       1.772185477875e-06       8.994517792688e+00 
       1.790016356869e-06       9.081860311889e+00 
       1.808026641603e-06       9.170051467915e+00 
       1.826218137171e-06       9.259099032275e+00 
       1.844592666829e-06       9.349011307834e+00 
       1.863152072177e-06       9.439796979558e+00 
       1.881898213347e-06       9.531463764687e+00 
       1.900832969185e-06       9.624020896132e+00 
       1.919958237440e-06       9.717476804819e+00 
       1.939275934958e-06       9.811840449664e+00 
       1.958787997869e-06       9.907120025405e+00 
       1.978496381784e-06       1.000332491254e+01 
       1.998403061991e-06       1.010046428073e+01 
       2.018510033651e-06       1.019854679428e+01 
       2.038819312002e-06       1.029758165232e+01 
       2.059332932556e-06       1.039757877610e+01 
       2.080052951307e-06       1.049854604843e+01 
       2.100981444932e-06       1.060049419785e+01 
       2.122120511008e-06       1.070343246380e+01 
       2.143472268212e-06       1.080737023115e+01 
       2.165038856540e-06       1.091231726821e+01 
       2.186822437521e-06       1.101828339999e+01 
       2.208825194430e-06       1.112527857713e+01 
       2.231049332509e-06       1.123331305841e+01 
       2.253497079190e-06       1.134239612136e+01 
       2.276170684315e-06       1.145253866145e+01 
       2.299072420364e-06       1.156375046380e+01 
       2.322204582680e-06       1.167604300830e+01 
       2.345569489701e-06       1.178942502458e+01 
       2.369169483193e-06       1.190390845598e+01 
       2.393006928483e-06       1.201950382662e+01 
       2.417084214697e-06       1.213622153093e+01 
       2.441403755000e-06       1.225407265840e+01 
       2.465967986835e-06       1.237306799048e+01 
       2.490779372170e-06       1.249321923077e+01 
       2.515840397747e-06       1.261453714993e+01 
       2.541153575325e-06       1.273703293023e+01 
       2.566721441936e-06       1.286071822932e+01 
       2.592546560140e-06       1.298560472810e+01 
       2.618631518277e-06       1.311170387238e+01 
       2.644978930733e-06       1.323902762541e+01 
       2.671591438197e-06       1.336758788728e+01 
       2.698471707928e-06       1.349739625972e+01 
       2.725622434021e-06       1.362846547344e+01 
       2.753046337677e-06       1.376080725572e+01 
       2.780746167479e-06       1.389443414071e+01 
       2.808724699662e-06       1.402935873558e+01 
       2.836984738396e-06       1.416559360417e+01 
       2.865529116065e-06       1.430315100956e+01 
       2.894360693551e-06       1.444204517326e+01 
       2.923482360520e-06       1.458228692753e+01 
       2.952897035713e-06       1.472389091930e+01 
       2.982607667239e-06       1.486687012790e+01 
       3.012617232867e-06       1.501123782704e+01 
       3.042928740329e-06       1.515700708798e+01 
       3.073545227619e-06       1.530419215976e+01 
       3.104469763297e-06       1.545280637274e+01 
       3.135705446798e-06       1.560286383176e+01 
       3.167255408742e-06       1.575437845004e+01 
       3.199122811248e-06       1.590736433811e+01 
       3.231310848251e-06       1.606183582258e+01 
       3.263822745820e-06       1.621780732235e+01 
       3.296661762484e-06       1.637529334737e+01 
       3.329831189560e-06       1.653430929453e+01 
       3.363334351478e-06       1.669486875402e+01 
       3.397174606118e-06       1.685698697285e+01 
       3.431355345145e-06       1.702067993086e+01 
       3.465879994348e-06       1.718596239476e+01 
       3.500752013988e-06       1.735285084146e+01 
       3.535974899138e-06       1.752135897599e+01 
       3.571552180039e-06       1.769150316800e+01 
       3.607487422451e-06       1.786330017666e+01 
       3.643784228010e-06       1.803676509708e+01 
       3.680446234591e-06       1.821191447106e+01 
       3.717477116671e-06       1.838876382191e+01 
       3.754880585699e-06       1.856733131133e+01 
       3.792660390465e-06       1.874763369869e+01 
       3.830820317479e-06       1.892968544428e+01 
       3.869364191348e-06       1.911350666011e+01 
       3.908295875161e-06       1.929911078077e+01 
       3.947619270875e-06       1.948651944026e+01 
       3.987338319708e-06       1.967574604815e+01 
       4.027457002531e-06       1.986681092529e+01 
       4.067979340269e-06       2.005973145719e+01 
       4.108909394304e-06       2.025452596753e+01 
       4.150251266882e-06       2.045121134657e+01 
       4.192009101522e-06       2.064980572644e+01 
       4.234187083436e-06       2.085032973344e+01 
       4.276789439944e-06       2.105280070640e+01 
       4.319820440898e-06       2.125723772679e+01 
       4.363284399114e-06       2.146366045433e+01 
       4.407185670799e-06       2.167208681017e+01 
       4.451528655991e-06       2.188253800966e+01 
       4.496317799000e-06       2.209503228949e+01 
       4.541557588851e-06       2.230959022991e+01 
       4.587252559736e-06       2.252623174238e+01 
       4.633407291469e-06       2.274497712617e+01 
       4.680026409941e-06       2.296584608173e+01 
       4.727114587589e-06       2.318886021548e+01 
       4.774676543862e-06       2.341403983267e+01 
       4.822717045692e-06       2.364140603267e+01 
       4.871240907974e-06       2.387098033932e+01 
       4.920252994051e-06       2.410278422764e+01 
       4.969758216193e-06       2.433683875988e+01 
       5.019761536101e-06       2.457316612848e+01 
       5.070267965395e-06       2.481178832770e+01 
       5.121282566118e-06       2.505272746632e+01 
       5.172810451249e-06       2.529600671984e+01 
       5.224856785208e-06       2.554164802937e+01 
       5.277426784379e-06       2.578967480531e+01 
       5.330525717629e-06       2.604011023508e+01 
       5.384158906838e-06       2.629297733441e+01 
       5.438331727435e-06       2.654830016387e+01 
       5.493049608930e-06       2.680610217238e+01 
       5.548318035464e-06       2.706640765623e+01 
       5.604142546358e-06       2.732924092162e+01 
       5.660528736664e-06       2.759462654009e+01 
       5.717482257732e-06       2.786258896806e+01 
       5.775008817770e-06       2.813315364062e+01 
       5.833114182422e-06       2.840634563370e+01 
       5.891804175342e-06       2.868219061675e+01 
       5.951084678779e-06       2.896071401146e+01 
       6.010961634165e-06       2.924194206682e+01 
       6.071441042714e-06       2.952590120931e+01 
       6.132528966020e-06       2.981261769502e+01 
       6.194231526667e-06       3.010211840371e+01 
       6.256554908839e-06       3.039443034871e+01 
       6.319505358945e-06       3.068958072614e+01 
       6.383089186241e-06       3.098759728391e+01 
       6.447312763465e-06       3.128850772220e+01 
       6.512182527472e-06       3.159234021294e+01 
       6.577704979884e-06       3.189912314551e+01 
       6.643886687738e-06       3.220888508934e+01 
       6.710734284145e-06       3.252165501626e+01 
       6.778254468957e-06       3.283746223408e+01 
       6.846454009434e-06       3.315633604194e+01 
       6.915339740928e-06       3.347830626960e+01 
       6.984918567562e-06       3.380340305657e+01 
       7.055197462926e-06       3.413165677133e+01 
       7.126183470777e-06       3.446309802761e+01 
       7.197883705740e-06       3.479775778882e+01 
       7.270305354026e-06       3.513566726103e+01 
       7.343455674148e-06       3.547685811413e+01 
       7.417341997653e-06       3.582136204266e+01 
       7.491971729854e-06       3.616921139917e+01 
       7.567352350570e-06       3.652043858400e+01 
       7.643491414883e-06       3.687507627761e+01 
       7.720396553887e-06       3.723315777404e+01 
       7.798075475457e-06       3.759471647633e+01 
       7.876535965023e-06       3.795978620747e+01 
       7.955785886345e-06       3.832840084348e+01 
       8.035833182308e-06       3.870059494173e+01 
       8.116685875711e-06       3.907640343021e+01 
       8.198352070076e-06       3.945586110316e+01 
       8.280839950461e-06       3.983900361718e+01 
       8.364157784274e-06       4.022586658729e+01 
       8.448313922109e-06       4.061648626412e+01 
       8.533316798577e-06       4.101089914533e+01 
       8.619174933157e-06       4.140914189043e+01 
       8.705896931044e-06       4.181125183471e+01 
       8.793491484016e-06       4.221726653688e+01 
       8.881967371304e-06       4.262722384501e+01 
       8.971333460469e-06       4.304116214047e+01 
       9.061598708296e-06       4.345911990413e+01 
       9.152772161687e-06       4.388113631189e+01 
       9.244862958570e-06       4.430725075783e+01 
       9.337880328814e-06       4.473750301397e+01 
       9.431833595156e-06       4.517193324017e+01 
       9.526732174133e-06       4.561058203783e+01 
       9.622585577027e-06       4.605349036221e+01 
       9.719403410816e-06       4.650069955642e+01 
       9.817195379142e-06       4.695225140572e+01 
       9.915971283278e-06       4.740818807400e+01 
       1.001574102311e-05       4.786855220181e+01 
       1.011651459815e-05       4.833338654239e+01 
       1.021830210848e-05       4.880273478157e+01 
       1.032111375585e-05       4.927664060748e+01 
       1.042495984464e-05       4.975514844074e+01 
       1.052985078288e-05       5.023830276156e+01 
       1.063579708336e-05       5.072614865580e+01 
       1.074280936462e-05       5.121873190573e+01 
       1.085089835205e-05       5.171609819729e+01 
       1.096007487895e-05       5.221829444877e+01 
       1.107034988762e-05       5.272536714774e+01 
       1.118173443046e-05       5.323736375904e+01 
       1.129423967106e-05       5.375433209151e+01 
       1.140787688535e-05       5.427632051054e+01 
       1.152265746271e-05       5.480337768481e+01 
       1.163859290710e-05       5.533555277972e+01 
       1.175569483824e-05       5.587289547162e+01 
       1.187397499276e-05       5.641545624313e+01 
       1.199344522537e-05       5.696328543164e+01 
       1.211411751008e-05       5.751643430877e+01 
       1.223600394136e-05       5.807495438899e+01 
       1.235911673535e-05       5.863889813790e+01 
       1.248346823114e-05       5.920831799927e+01 
       1.260907089195e-05       5.978326713636e+01 
       1.273593730639e-05       6.036379930347e+01 
       1.286408018976e-05       6.094996867832e+01 
       1.299351238526e-05       6.154183000214e+01 
       1.312424686535e-05       6.213943855144e+01 
       1.325629673297e-05       6.274285023209e+01 
       1.338967522292e-05       6.335212114869e+01 
       1.352439570318e-05       6.396730838171e+01 
       1.366047167619e-05       6.458846938393e+01 
       1.379791678028e-05       6.521566213080e+01 
       1.393674479098e-05       6.584894518358e+01 
       1.407696962244e-05       6.648837756882e+01 
       1.421860532880e-05       6.713401910388e+01 
       1.436166610559e-05       6.778593004068e+01 
       1.450616629120e-05       6.844417129035e+01 
       1.465212036827e-05       6.910880430293e+01 
       1.479954296515e-05       6.977989113424e+01 
       1.494844885739e-05       7.045749452374e+01 
       1.509885296918e-05       7.114167758079e+01 
       1.525077037490e-05       7.183250432709e+01 
       1.540421630059e-05       7.253003925576e+01 
       1.555920612546e-05       7.323434750411e+01 
       1.571575538351e-05       7.394549474003e+01 
       1.587387976499e-05       7.466354741440e+01 
       1.603359511803e-05       7.538857263442e+01 
       1.619491745025e-05       7.612063815683e+01 
       1.635786293027e-05       7.685981206003e+01 
       1.652244788944e-05       7.760616364652e+01 
       1.668868882342e-05       7.835976244906e+01 
       1.685660239381e-05       7.912067890036e+01 
       1.702620542989e-05       7.988898403568e+01 
       1.719751493025e-05       8.066474966788e+01 
       1.737054806452e-05       8.144804809956e+01 
       1.754532217506e-05       8.223895246852e+01 
       1.772185477875e-05       8.303753678136e+01 
       1.790016356869e-05       8.384387551694e+01 
       1.808026641603e-05       8.465804387326e+01 
       1.826218137171e-05       8.548011797475e+01 
       1.844592666829e-05       8.631017458906e+01 
       1.863152072177e-05       8.714829113335e+01 
       1.881898213347e-05       8.799454596799e+01 
       1.900832969185e-05       8.884901806167e+01 
       1.919958237440e-05       8.971178719644e+01 
       1.939275934958e-05       9.058293392092e+01 
       1.958787997869e-05       9.146253941402e+01 
       1.978496381784e-05       9.235068612628e+01 
       1.998403061991e-05       9.324745677512e+01 
       2.018510033651e-05       9.415293505828e+01 
       2.038819312002e-05       9.506720566496e+01 
       2.059332932556e-05       9.599035380766e+01 
       2.080052951306e-05       9.692246574665e+01 
       2.100981444932e-05       9.786362857905e+01 
       2.122120511008e-05       9.881393000222e+01 
       2.143472268212e-05       9.977345888075e+01 
       2.165038856540e-05       1.007423047132e+02 
       2.186822437521e-05       1.017205581190e+02 
       2.208825194430e-05       1.027083103369e+02 
       2.231049332509e-05       1.037056533721e+02 
       2.253497079190e-05       1.047126807279e+02 
       2.276170684315e-05       1.057294860955e+02 
       2.299072420364e-05       1.067561645505e+02 
       2.322204582680e-05       1.077928118971e+02 
       2.345569489701e-05       1.088395249285e+02 
       2.369169483193e-05       1.098964012561e+02 
       2.393006928483e-05       1.109635397699e+02 
       2.417084214697e-05       1.120410399252e+02 
       2.441403755000e-05       1.131290023701e+02 
       2.465967986835e-05       1.142275287871e+02 
       2.490779372170e-05       1.153367215135e+02 
       2.515840397747e-05       1.164566841218e+02 
       2.541153575325e-05       1.175875212317e+02 
       2.566721441936e-05       1.187293384375e+02 
       2.592546560140e-05       1.198822423283e+02 
       2.618631518277e-05       1.210463404788e+02 
       2.644978930733e-05       1.222217415312e+02 
       2.671591438197e-05       1.234085552326e+02 
       2.698471707928e-05       1.246068925295e+02 
       2.725622434020e-05       1.258168651061e+02 
       2.753046337677e-05       1.270385858687e+02 
       2.780746167479e-05       1.282721688560e+02 
       2.808724699662e-05       1.295177293026e+02 
       2.836984738396e-05       1.307753836040e+02 
       2.865529116065e-05       1.320452489528e+02 
       2.894360693551e-05       1.333274438954e+02 
       2.923482360520e-05       1.346220881687e+02 
       2.952897035713e-05       1.359293026498e+02 
       2.982607667239e-05       1.372492093082e+02 
       3.012617232867e-05       1.385819311960e+02 
       3.042928740329e-05       1.399275930820e+02 
       3.073545227619e-05       1.412863200572e+02 
       3.104469763297e-05       1.426582392573e+02 
       3.135705446798e-05       1.440434786431e+02 
       3.167255408742e-05       1.454421675398e+02 
       3.199122811248e-05       1.468544366154e+02 
       3.231310848251e-05       1.482804174610e+02 
       3.263822745819e-05       1.497202431487e+02 
       3.296661762484e-05       1.511740479710e+02 
       3.329831189560e-05       1.526419679693e+02 
       3.363334351478e-05       1.541241399140e+02 
       3.397174606118e-05       1.556207020629e+02 
       3.431355345145e-05       1.571317942067e+02 
       3.465879994348e-05       1.586575572978e+02 
       3.500752013988e-05       1.601981337521e+02 
       3.535974899138e-05       1.617536671731e+02 
       3.571552180039e-05       1.633243030123e+02 
       3.607487422451e-05       1.649101875004e+02 
       3.643784228010e-05       1.665114688686e+02 
       3.680446234591e-05       1.681282965114e+02 
       3.717477116671e-05       1.697608212534e+02 
       3.754880585699e-05       1.714091951042e+02 
       3.792660390465e-05       1.730735724606e+02 
       3.830820317479e-05       1.747541081676e+02 
       3.869364191348e-05       1.764509592321e+02 
       3.908295875161e-05       1.781642838897e+02 
       3.947619270875e-05       1.798942417470e+02 
       3.987338319708e-05       1.816409946425e+02 
       4.027457002531e-05       1.834047055182e+02 
       4.067979340269e-05       1.851855384962e+02 
       4.108909394304e-05       1.869836600468e+02 
       4.150251266882e-05       1.887992378261e+02 
       4.192009101522e-05       1.906324413003e+02 
       4.234187083436e-05       1.924834412925e+02 
       4.276789439944e-05       1.943524106145e+02 
       4.319820440898e-05       1.962395234596e+02 
       4.363284399114e-05       1.981449559074e+02 
       4.407185670799e-05       2.000688857709e+02 
       4.451528655991e-05       2.020114925095e+02 
       4.496317799000e-05       2.039729570280e+02 
       4.541557588851e-05       2.059534627281e+02 
       4.587252559736e-05       2.079531939828e+02 
       4.633407291469e-05       2.099723374567e+02 
       4.680026409941e-05       2.120110813608e+02 
       4.727114587589e-05       2.140696157851e+02 
       4.774676543862e-05       2.161481329777e+02 
       4.822717045692e-05       2.182468263444e+02 
       4.871240907974e-05       2.203658918474e+02 
       4.920252994051e-05       2.225055270743e+02 
       4.969758216193e-05       2.246659316867e+02 
       5.019761536101e-05       2.268473066356e+02 
       5.070267965395e-05       2.290498556686e+02 
       5.121282566118e-05       2.312737840610e+02 
       5.172810451249e-05       2.335192991903e+02 
       5.224856785208e-05       2.357866105836e+02 
       5.277426784379e-05       2.380759291527e+02 
       5.330525717629e-05       2.403874685461e+02 
       5.384158906838e-05       2.427214444101e+02 
       5.438331727435e-05       2.450780741156e+02 
       5.493049608930e-05       2.474575774360e+02 
       5.548318035464e-05       2.498601758676e+02 
       5.604142546358e-05       2.522860938752e+02 
       5.660528736664e-05       2.547355570214e+02 
       5.717482257731e-05       2.572087938586e+02 
       5.775008817770e-05       2.597060348190e+02 
       5.833114182422e-05       2.622275127321e+02 
       5.891804175342e-05       2.647734623784e+02 
       5.951084678779e-05       2.673441212797e+02 
       6.010961634165e-05       2.699397283699e+02 
       6.071441042714e-05       2.725605261786e+02 
       6.132528966020e-05       2.752067584287e+02 
       6.194231526667e-05       2.778786718176e+02 
       6.256554908839e-05       2.805765152466e+02 
       6.319505358945e-05       2.833005400308e+02 
       6.383089186241e-05       2.860509997292e+02 
       6.447312763465e-05       2.888281511260e+02 
       6.512182527472e-05       2.916322520830e+02 
       6.577704979884e-05       2.944635642049e+02 
       6.643886687738e-05       2.973223512249e+02 
       6.710734284145e-05       3.002088790012e+02 
       6.778254468957e-05       3.031234166450e+02 
       6.846454009434e-05       3.060662353379e+02 
       6.915339740928e-05       3.090376096120e+02 
       6.984918567562e-05       3.120378152484e+02 
       7.055197462926e-05       3.150671320885e+02 
       7.126183470777e-05       3.181258420283e+02 
       7.197883705740e-05       3.212142297842e+02 
       7.270305354026e-05       3.243325829776e+02 
       7.343455674148e-05       3.274811914860e+02 
       7.417341997653e-05       3.306603487646e+02 
       7.491971729854e-05       3.338703500884e+02 
       7.567352350570e-05       3.371114945822e+02 
       7.643491414883e-05       3.403840840554e+02 
       7.720396553887e-05       3.436884224280e+02 
       7.798075475457e-05       3.470248172282e+02 
       7.876535965023e-05       3.503935789550e+02 
       7.955785886345e-05       3.537950209093e+02 
       8.035833182307e-05       3.572294596558e+02 
       8.116685875710e-05       3.606972143116e+02 
       8.198352070076e-05       3.641986073167e+02 
       8.280839950461e-05       3.677339648955e+02 
       8.364157784274e-05       3.713036147872e+02 
       8.448313922109e-05       3.749078893840e+02 
       8.533316798577e-05       3.785471237571e+02 
       8.619174933157e-05       3.822216562855e+02 
       8.705896931044e-05       3.859318282444e+02 
       8.793491484016e-05       3.896779842780e+02 
       8.881967371304e-05       3.934604731334e+02 
       8.971333460469e-05       3.972796456508e+02 
       9.061598708296e-05       4.011358568802e+02 
       9.152772161687e-05       4.050294648767e+02 
       9.244862958569e-05       4.089608315851e+02 
       9.337880328814e-05       4.129303219679e+02 
       9.431833595156e-05       4.169383051043e+02 
       9.526732174133e-05       4.209851525231e+02 
       9.622585577027e-05       4.250712401076e+02 
       9.719403410816e-05       4.291969473195e+02 
       9.817195379142e-05       4.333626571340e+02 
       9.915971283278e-05       4.375687559949e+02 
       1.001574102311e-04       4.418156346797e+02 
       1.011651459815e-04       4.461036868733e+02 
       1.021830210848e-04       4.504333101762e+02 
       1.032111375585e-04       4.548049068906e+02 
       1.042495984464e-04       4.592188820216e+02 
       1.052985078288e-04       4.636756451631e+02 
       1.063579708336e-04       4.681756094039e+02 
       1.074280936462e-04       4.727191918256e+02 
       1.085089835205e-04       4.773068138754e+02 
       1.096007487895e-04       4.819389005165e+02 
       1.107034988762e-04       4.866158812849e+02 
       1.118173443046e-04       4.913381897490e+02 
       1.129423967106e-04       4.961062626041e+02 
       1.140787688535e-04       5.009205420022e+02 
       1.152265746271e-04       5.057814742586e+02 
       1.163859290710e-04       5.106895086128e+02 
       1.175569483824e-04       5.156451000393e+02 
       1.187397499276e-04       5.206487070559e+02 
       1.199344522537e-04       5.257007929011e+02 
       1.211411751008e-04       5.308018246403e+02 
       1.223600394136e-04       5.359522749790e+02 
       1.235911673535e-04       5.411526194158e+02 
       1.248346823114e-04       5.464033393444e+02 
       1.260907089195e-04       5.517049204525e+02 
       1.273593730639e-04       5.570578524979e+02 
       1.286408018976e-04       5.624626305706e+02 
       1.299351238526e-04       5.679197536856e+02 
       1.312424686535e-04       5.734297266886e+02 
       1.325629673297e-04       5.789930573512e+02 
       1.338967522292e-04       5.846102606113e+02 
       1.352439570318e-04       5.902818548460e+02 
       1.366047167619e-04       5.960083633885e+02 
       1.379791678028e-04       6.017903143665e+02 
       1.393674479098e-04       6.076282417289e+02 
       1.407696962244e-04       6.135226838304e+02 
       1.421860532880e-04       6.194741842822e+02 
       1.436166610559e-04       6.254832919469e+02 
       1.450616629120e-04       6.315505600920e+02 
       1.465212036827e-04       6.376765483174e+02 
       1.479954296515e-04       6.438618212833e+02 
       1.494844885739e-04       6.501069479073e+02 
       1.509885296918e-04       6.564125035419e+02 
       1.525077037490e-04       6.627790689231e+02 
       1.540421630059e-04       6.692072296155e+02 
       1.555920612546e-04       6.756975767467e+02 
       1.571575538351e-04       6.822507074556e+02 
       1.587387976499e-04       6.888672242171e+02 
       1.603359511803e-04       6.955477352534e+02 
       1.619491745025e-04       7.022928541264e+02 
       1.635786293027e-04       7.091032007418e+02 
       1.652244788944e-04       7.159794004089e+02 
       1.668868882342e-04       7.229220838772e+02 
       1.685660239381e-04       7.299318888545e+02 
       1.702620542989e-04       7.370094582234e+02 
       1.719751493025e-04       7.441554404810e+02 
       1.737054806451e-04       7.513704913429e+02 
       1.754532217506e-04       7.586552714686e+02 
       1.772185477875e-04       7.660104482839e+02 
       1.790016356869e-04       7.734366951724e+02 
       1.808026641603e-04       7.809346916055e+02 
       1.826218137171e-04       7.885051245286e+02 
       1.844592666829e-04       7.961486857601e+02 
       1.863152072177e-04       8.038660735040e+02 
       1.881898213347e-04       8.116579936121e+02 
       1.900832969185e-04       8.195251583739e+02 
       1.919958237440e-04       8.274682845288e+02 
       1.939275934958e-04       8.354880985958e+02 
       1.958787997869e-04       8.435853306405e+02 
       1.978496381784e-04       8.517607204202e+02 
       1.998403061991e-04       8.600150118481e+02 
       2.018510033651e-04       8.683489577480e+02 
       2.038819312002e-04       8.767633166565e+02 
       2.059332932556e-04       8.852588538693e+02 
       2.080052951306e-04       8.938363430684e+02 
       2.100981444932e-04       9.024965635356e+02 
       2.122120511008e-04       9.112403018406e+02 
       2.143472268212e-04       9.200683530466e+02 
       2.165038856540e-04       9.289815171850e+02 
       2.186822437521e-04       9.379806039909e+02 
       2.208825194430e-04       9.470664294525e+02 
       2.231049332509e-04       9.562398163262e+02 
       2.253497079190e-04       9.655015956143e+02 
       2.276170684315e-04       9.748526059946e+02 
       2.299072420364e-04       9.842936923105e+02 
       2.322204582680e-04       9.938257094288e+02 
       2.345569489701e-04       1.003449518076e+03 
       2.369169483193e-04       1.013165987216e+03 
       2.393006928483e-04       1.022975994048e+03 
       2.417084214697e-04       1.032880421837e+03 
       2.441403755000e-04       1.042880164901e+03 
       2.465967986834e-04       1.052976122637e+03 
       2.490779372170e-04       1.063169203819e+03 
       2.515840397747e-04       1.073460325487e+03 
       2.541153575325e-04       1.083850412227e+03 
       2.566721441936e-04       1.094340397576e+03 
       2.592546560140e-04       1.104931222199e+03 
       2.618631518277e-04       1.115623835810e+03 
       2.644978930733e-04       1.126419196371e+03 
       2.671591438197e-04       1.137318271348e+03 
       2.698471707928e-04       1.148322035679e+03 
       2.725622434020e-04       1.159431471401e+03 
       2.753046337677e-04       1.170647572537e+03 
       2.780746167478e-04       1.181971339668e+03 
       2.808724699662e-04       1.193403782011e+03 
       2.836984738396e-04       1.204945917814e+03 
       2.865529116065e-04       1.216598775781e+03 
       2.894360693551e-04       1.228363390702e+03 
       2.923482360520e-04       1.240240808807e+03 
       2.952897035713e-04       1.252232084936e+03 
       2.982607667239e-04       1.264338281636e+03 
       3.012617232867e-04       1.276560472070e+03 
       3.042928740329e-04       1.288899738286e+03 
       3.073545227619e-04       1.301357171515e+03 
       3.104469763297e-04       1.313933871785e+03 
       3.135705446798e-04       1.326630949127e+03 
       3.167255408742e-04       1.339449523354e+03 
       3.199122811248e-04       1.352390723570e+03 
       3.231310848251e-04       1.365455688348e+03 
       3.263822745819e-04       1.378645564892e+03 
       3.296661762484e-04       1.391961512898e+03 
       3.329831189560e-04       1.405404699121e+03 
       3.363334351478e-04       1.418976300673e+03 
       3.397174606118e-04       1.432677505867e+03 
       3.431355345145e-04       1.446509511200e+03 
       3.465879994348e-04       1.460473525050e+03 
       3.500752013988e-04       1.474570763417e+03 
       3.535974899138e-04       1.488802455207e+03 
       3.571552180039e-04       1.503169837955e+03 
       3.607487422451e-04       1.517674158477e+03 
       3.643784228010e-04       1.532316675880e+03 
       3.680446234591e-04       1.547098658961e+03 
       3.717477116671e-04       1.562021386003e+03 
       3.754880585699e-04       1.577086147723e+03 
       3.792660390465e-04       1.592294241737e+03 
       3.830820317479e-04       1.607646980066e+03 
       3.869364191348e-04       1.623145684280e+03 
       3.908295875161e-04       1.638791684983e+03 
       3.947619270875e-04       1.654586324696e+03 
       3.987338319708e-04       1.670530957337e+03 
       4.027457002531e-04       1.686626946998e+03 
       4.067979340269e-04       1.702875669142e+03 
       4.108909394304e-04       1.719278507578e+03 
       4.150251266882e-04       1.735836862139e+03 
       4.192009101522e-04       1.752552137646e+03 
       4.234187083436e-04       1.769425755907e+03 
       4.276789439944e-04       1.786459145557e+03 
       4.319820440898e-04       1.803653749287e+03 
       4.363284399114e-04       1.821011017621e+03 
       4.407185670799e-04       1.838532415127e+03 
       4.451528655991e-04       1.856219419236e+03 
       4.496317799000e-04       1.874073512760e+03 
       4.541557588851e-04       1.892096197450e+03 
       4.587252559736e-04       1.910288979705e+03 
       4.633407291469e-04       1.928653381975e+03 
       4.680026409941e-04       1.947190936171e+03 
       4.727114587589e-04       1.965903187685e+03 
       4.774676543862e-04       1.984791691412e+03 
       4.822717045692e-04       2.003858014497e+03 
       4.871240907974e-04       2.023103735488e+03 
       4.920252994050e-04       2.042530448239e+03 
       4.969758216193e-04       2.062139751934e+03 
       5.019761536101e-04       2.081933264528e+03 
       5.070267965394e-04       2.101912609576e+03 
       5.121282566118e-04       2.122079427077e+03 
       5.172810451249e-04       2.142435366206e+03 
       5.224856785208e-04       2.162982091317e+03 
       5.277426784379e-04       2.183721274155e+03 
       5.330525717629e-04       2.204654602730e+03 
       5.384158906838e-04       2.225783775863e+03 
       5.438331727435e-04       2.247110502302e+03 
       5.493049608930e-04       2.268636506550e+03 
       5.548318035464e-04       2.290363522326e+03 
       5.604142546357e-04       2.312293298001e+03 
       5.660528736664e-04       2.334427591142e+03 
       5.717482257731e-04       2.356768174092e+03 
       5.775008817770e-04       2.379316830829e+03 
       5.833114182422e-04       2.402075356560e+03 
       5.891804175342e-04       2.425045561438e+03 
       5.951084678779e-04       2.448229262397e+03 
       6.010961634165e-04       2.471628295614e+03 
       6.071441042714e-04       2.495244505164e+03 
       6.132528966020e-04       2.519079750152e+03 
       6.194231526666e-04       2.543135897685e+03 
       6.256554908839e-04       2.567414830865e+03 
       6.319505358945e-04       2.591918444908e+03 
       6.383089186241e-04       2.616648647626e+03 
       6.447312763465e-04       2.641607355687e+03 
       6.512182527472e-04       2.666796503562e+03 
       6.577704979884e-04       2.692218032627e+03 
       6.643886687738e-04       2.717873900412e+03 
       6.710734284145e-04       2.743766077610e+03 
       6.778254468957e-04       2.769896540011e+03 
       6.846454009434e-04       2.796267285865e+03 
       6.915339740928e-04       2.822880315985e+03 
       6.984918567561e-04       2.849737651084e+03 
       7.055197462926e-04       2.876841319932e+03 
       7.126183470777e-04       2.904193365520e+03 
       7.197883705740e-04       2.931795837952e+03 
       7.270305354026e-04       2.959650808894e+03 
       7.343455674148e-04       2.987760349942e+03 
       7.417341997653e-04       3.016126557758e+03 
       7.491971729854e-04       3.044751528478e+03 
       7.567352350570e-04       3.073637378195e+03 
       7.643491414883e-04       3.102786233404e+03 
       7.720396553887e-04       3.132200228670e+03 
       7.798075475457e-04       3.161881511964e+03 
       7.876535965023e-04       3.191832248273e+03 
       7.955785886345e-04       3.222054605600e+03 
       8.035833182307e-04       3.252550769365e+03 
       8.116685875710e-04       3.283322928404e+03 
       8.198352070076e-04       3.314373294405e+03 
       8.280839950461e-04       3.345704080882e+03 
       8.364157784274e-04       3.377317512812e+03 
       8.448313922108e-04       3.409215832911e+03 
       8.533316798577e-04       3.441401287332e+03 
       8.619174933157e-04       3.473876132425e+03 
       8.705896931044e-04       3.506642640943e+03 
       8.793491484016e-04       3.539703093206e+03 
       8.881967371304e-04       3.573059775731e+03 
       8.971333460469e-04       3.606714990577e+03 
       9.061598708296e-04       3.640671042274e+03 
       9.152772161686e-04       3.674930255129e+03 
       9.244862958569e-04       3.709494951406e+03 
       9.337880328814e-04       3.744367470657e+03 
       9.431833595156e-04       3.779550159193e+03 
       9.526732174133e-04       3.815045372178e+03 
       9.622585577027e-04       3.850855468749e+03 
       9.719403410816e-04       3.886982820535e+03 
       9.817195379142e-04       3.923429808624e+03 
       9.915971283278e-04       3.960198820093e+03 
       1.001574102311e-03       3.997292242589e+03 
       1.011651459815e-03       4.034712484648e+03 
       1.021830210848e-03       4.072461950213e+03 
       1.032111375585e-03       4.110543054733e+03 
       1.042495984464e-03       4.148958221282e+03 
       1.052985078288e-03       4.187709874247e+03 
       1.063579708336e-03       4.226800447449e+03 
       1.074280936462e-03       4.266232378701e+03 
       1.085089835205e-03       4.306008111863e+03 
       1.096007487895e-03       4.346130095475e+03 
       1.107034988762e-03       4.386600780455e+03 
       1.118173443046e-03       4.427422625635e+03 
       1.129423967106e-03       4.468598089668e+03 
       1.140787688535e-03       4.510129639459e+03 
       1.152265746271e-03       4.552019736574e+03 
       1.163859290710e-03       4.594270858168e+03 
       1.175569483824e-03       4.636885469755e+03 
       1.187397499276e-03       4.679866049395e+03 
       1.199344522537e-03       4.723215070811e+03 
       1.211411751008e-03       4.766935011758e+03 
       1.223600394136e-03       4.811028350529e+03 
       1.235911673535e-03       4.855497565076e+03 
       1.248346823114e-03       4.900345133539e+03 
       1.260907089195e-03       4.945573531234e+03 
       1.273593730639e-03       4.991185235565e+03 
       1.286408018976e-03       5.037182722441e+03 
       1.299351238526e-03       5.083568468043e+03 
       1.312424686535e-03       5.130344939761e+03 
       1.325629673297e-03       5.177514603521e+03 
       1.338967522292e-03       5.225079930935e+03 
       1.352439570318e-03       5.273043381059e+03 
       1.366047167619e-03       5.321407407031e+03 
       1.379791678028e-03       5.370174465747e+03 
       1.393674479098e-03       5.419347003382e+03 
       1.407696962244e-03       5.468927454500e+03 
       1.421860532880e-03       5.518918264036e+03 
       1.436166610559e-03       5.569321854439e+03 
       1.450616629120e-03       5.620140642028e+03 
       1.465212036827e-03       5.671377043001e+03 
       1.479954296515e-03       5.723033451487e+03 
       1.494844885739e-03       5.775112268390e+03 
       1.509885296918e-03       5.827615877124e+03 
       1.525077037490e-03       5.880546638580e+03 
       1.540421630059e-03       5.933906922754e+03 
       1.555920612546e-03       5.987699067451e+03 
       1.571575538351e-03       6.041925416634e+03 
       1.587387976499e-03       6.096588278486e+03 
       1.603359511803e-03       6.151689969390e+03 
       1.619491745024e-03       6.207232766233e+03 
       1.635786293027e-03       6.263218951174e+03 
       1.652244788944e-03       6.319650772721e+03 
       1.668868882342e-03       6.376530475366e+03 
       1.685660239381e-03       6.433860271451e+03 
       1.702620542989e-03       6.491642366855e+03 
       1.719751493025e-03       6.549878927786e+03 
       1.737054806451e-03       6.608572121157e+03 
       1.754532217506e-03       6.667724071218e+03 
       1.772185477875e-03       6.727336885759e+03 
       1.790016356869e-03       6.787412655774e+03 
       1.808026641603e-03       6.847953445652e+03 
       1.826218137171e-03       6.908961277067e+03 
       1.844592666828e-03       6.970438165541e+03 
       1.863152072177e-03       7.032386082133e+03 
       1.881898213347e-03       7.094806978842e+03 
       1.900832969185e-03       7.157702772080e+03 
       1.919958237440e-03       7.221075346201e+03 
       1.939275934958e-03       7.284926559923e+03 
       1.958787997869e-03       7.349258232197e+03 
       1.978496381784e-03       7.414072147044e+03 
       1.998403061991e-03       7.479370059565e+03 
       2.018510033651e-03       7.545153680608e+03 
       2.038819312002e-03       7.611424688753e+03 
       2.059332932556e-03       7.678184724682e+03 
       2.080052951306e-03       7.745435381724e+03 
       2.100981444932e-03       7.813178221022e+03 
       2.122120511008e-03       7.881414760292e+03 
       2.143472268212e-03       7.950146468611e+03 
       2.165038856540e-03       8.019374772892e+03 
       2.186822437521e-03       8.089101057627e+03 
       2.208825194429e-03       8.159326656337e+03 
       2.231049332509e-03       8.230052857968e+03 
       2.253497079190e-03       8.301280897142e+03 
       2.276170684315e-03       8.373011959776e+03 
       2.299072420364e-03       8.445247183330e+03 
       2.322204582680e-03       8.517987643027e+03 
       2.345569489701e-03       8.591234366575e+03 
       2.369169483193e-03       8.664988322133e+03 
       2.393006928483e-03       8.739249858168e+03 
       2.417084214697e-03       8.814018176071e+03 
       2.441403755000e-03       8.889296112220e+03 
       2.465967986834e-03       8.965084392678e+03 
       2.490779372170e-03       9.041383675580e+03 
       2.515840397747e-03       9.118194545416e+03 
       2.541153575325e-03       9.195517541364e+03 
       2.566721441936e-03       9.273353111360e+03 
       2.592546560140e-03       9.351701656066e+03 
       2.618631518277e-03       9.430563482711e+03 
       2.644978930733e-03       9.509938834086e+03 
       2.671591438197e-03       9.589827883580e+03 
       2.698471707928e-03       9.670230721546e+03 
       2.725622434020e-03       9.751147359934e+03 
       2.753046337677e-03       9.832577735901e+03 
       2.780746167478e-03       9.914521703805e+03 
       2.808724699662e-03       9.996979037434e+03 
       2.836984738396e-03       1.007994940039e+04 
       2.865529116065e-03       1.016343241027e+04 
       2.894360693551e-03       1.024742757015e+04 
       2.923482360520e-03       1.033193429835e+04 
       2.952897035713e-03       1.041695191992e+04 
       2.982607667239e-03       1.050247966198e+04 
       3.012617232867e-03       1.058851665931e+04 
       3.042928740329e-03       1.067506194593e+04 
       3.073545227619e-03       1.076211445432e+04 
       3.104469763297e-03       1.084967301330e+04 
       3.135705446798e-03       1.093773634724e+04 
       3.167255408742e-03       1.102630307420e+04 
       3.199122811248e-03       1.111537169829e+04 
       3.231310848251e-03       1.120494061504e+04 
       3.263822745819e-03       1.129500811614e+04 
       3.296661762484e-03       1.138557235010e+04 
       3.329831189560e-03       1.147663137558e+04 
       3.363334351478e-03       1.156818312456e+04 
       3.397174606118e-03       1.166022538827e+04 
       3.431355345145e-03       1.175275585722e+04 
       3.465879994348e-03       1.184577208587e+04 
       3.500752013988e-03       1.193927149128e+04 
       3.535974899138e-03       1.203325137842e+04 
       3.571552180039e-03       1.212770890273e+04 
       3.607487422451e-03       1.222264108715e+04 
       3.643784228010e-03       1.231804481883e+04 
       3.680446234591e-03       1.241391683784e+04 
       3.717477116671e-03       1.251025376072e+04 
       3.754880585699e-03       1.260705203867e+04 
       3.792660390465e-03       1.270430798982e+04 
       3.830820317479e-03       1.280201776967e+04 
       3.869364191348e-03       1.290017739253e+04 
       3.908295875161e-03       1.299878272136e+04 
       3.947619270875e-03       1.309782946319e+04 
       3.987338319708e-03       1.319731315593e+04 
       4.027457002531e-03       1.329722918853e+04 
       4.067979340269e-03       1.339757280650e+04 
       4.108909394304e-03       1.349833904680e+04 
       4.150251266882e-03       1.359952282988e+04 
       4.192009101522e-03       1.370111889643e+04 
       4.234187083436e-03       1.380312177373e+04 
       4.276789439944e-03       1.390552586723e+04 
       4.319820440898e-03       1.400832540803e+04 
       4.363284399114e-03       1.411151441372e+04 
       4.407185670799e-03       1.421508676182e+04 
       4.451528655991e-03       1.431903610703e+04 
       4.496317799000e-03       1.442335596645e+04 
       4.541557588851e-03       1.452803962767e+04 
       4.587252559736e-03       1.463308022274e+04 
       4.633407291469e-03       1.473847067579e+04 
       4.680026409941e-03       1.484420370691e+04 
       4.727114587589e-03       1.495027092024e+04 
       4.774676543862e-03       1.505666472953e+04 
       4.822717045692e-03       1.516337617545e+04 
       4.871240907974e-03       1.527040396223e+04 
       4.920252994050e-03       1.537773398356e+04 
       4.969758216193e-03       1.548535884580e+04 
       5.019761536101e-03       1.559327032934e+04 
       5.070267965394e-03       1.570145884699e+04 
       5.121282566118e-03       1.580991504674e+04 
       5.172810451249e-03       1.591862999628e+04 
       5.224856785208e-03       1.602759384966e+04 
       5.277426784379e-03       1.613679611001e+04 
       5.330525717629e-03       1.624622881284e+04 
       5.384158906838e-03       1.635587912751e+04 
       5.438331727435e-03       1.646573768646e+04 
       5.493049608930e-03       1.657579359207e+04 
       5.548318035464e-03       1.668603564088e+04 
       5.604142546357e-03       1.679645260963e+04 
       5.660528736664e-03       1.690703306159e+04 
       5.717482257731e-03       1.701776518792e+04 
       5.775008817770e-03       1.712863683071e+04 
       5.833114182422e-03       1.723963568197e+04 
       5.891804175342e-03       1.735074921471e+04 
       5.951084678779e-03       1.746196456393e+04 
       6.010961634165e-03       1.757326862759e+04 
       6.071441042714e-03       1.768464806940e+04 
       6.132528966020e-03       1.779608929992e+04 
       6.194231526666e-03       1.790757840749e+04 
       6.256554908839e-03       1.801910124357e+04 
       6.319505358945e-03       1.813064331209e+04 
       6.383089186241e-03       1.824219005165e+04 
       6.447312763464e-03       1.835372640122e+04 
       6.512182527472e-03       1.846523708823e+04 
       6.577704979884e-03       1.857670672388e+04 
       6.643886687738e-03       1.868811928878e+04 
       6.710734284145e-03       1.879945900787e+04 
       6.778254468957e-03       1.891070905065e+04 
       6.846454009434e-03       1.902185301582e+04 
       6.915339740927e-03       1.913287375763e+04 
       6.984918567561e-03       1.924375410886e+04 
       7.055197462926e-03       1.935447646568e+04 
       7.126183470777e-03       1.946502288051e+04 
       7.197883705740e-03       1.957537519968e+04 
       7.270305354026e-03       1.968551491589e+04 
       7.343455674148e-03       1.979542304650e+04 
       7.417341997653e-03       1.990508050535e+04 
       7.491971729853e-03       2.001446780475e+04 
       7.567352350570e-03       2.012356509747e+04 
       7.643491414883e-03       2.023235218453e+04 
       7.720396553886e-03       2.034080867760e+04 
       7.798075475457e-03       2.044891378229e+04 
       7.876535965022e-03       2.055664627309e+04 
       7.955785886345e-03       2.066398484672e+04 
       8.035833182307e-03       2.077090759680e+04 
       8.116685875710e-03       2.087739244614e+04 
       8.198352070076e-03       2.098341705926e+04 
       8.280839950461e-03       2.108895870997e+04 
       8.364157784274e-03       2.119399419815e+04 
       8.448313922108e-03       2.129850025472e+04 
       8.533316798577e-03       2.140245319015e+04 
       8.619174933156e-03       2.150582889457e+04 
       8.705896931044e-03       2.160860317423e+04 
       8.793491484016e-03       2.171075120246e+04 
       8.881967371303e-03       2.181224804685e+04 
       8.971333460469e-03       2.191306837964e+04 
       9.061598708296e-03       2.201318644327e+04 
       9.152772161686e-03       2.211257637604e+04 
       9.244862958569e-03       2.221121169552e+04 
       9.337880328814e-03       2.230906565841e+04 
       9.431833595156e-03       2.240611136939e+04 
       9.526732174133e-03       2.250232117491e+04 
       9.622585577026e-03       2.259766745337e+04 
       9.719403410816e-03       2.269212192361e+04 
       9.817195379142e-03       2.278565689480e+04 
       9.915971283277e-03       2.287825157130e+04 
       1.001574102311e-02       2.296987667685e+04 
       1.011651459815e-02       2.306049703896e+04 
       1.021830210848e-02       2.315008110901e+04 
       1.032111375585e-02       2.323859887592e+04 
       1.042495984464e-02       2.332601975005e+04 
       1.052985078288e-02       2.341231342501e+04 
       1.063579708336e-02       2.349744893963e+04 
       1.074280936462e-02       2.358139515801e+04 
       1.085089835205e-02       2.366412102830e+04 
       1.096007487895e-02       2.374559448376e+04 
       1.107034988762e-02       2.382578387507e+04 
       1.118173443046e-02       2.390465698832e+04 
       1.129423967106e-02       2.398218136182e+04 
       1.140787688535e-02       2.405832424863e+04 
       1.152265746271e-02       2.413305270846e+04 
       1.163859290710e-02       2.420633300643e+04 
       1.175569483824e-02       2.427813174812e+04 
       1.187397499276e-02       2.434841496985e+04 
       1.199344522537e-02       2.441714869615e+04 
       1.211411751008e-02       2.448429850972e+04 
       1.223600394135e-02       2.454982976155e+04 
       1.235911673535e-02       2.461370815599e+04 
       1.248346823114e-02       2.467589826507e+04 
       1.260907089195e-02       2.473636573392e+04 
       1.273593730639e-02       2.479507597264e+04 
       1.286408018976e-02       2.485199373922e+04 
       1.299351238526e-02       2.490708464317e+04 
       1.312424686535e-02       2.496031435883e+04 
       1.325629673297e-02       2.501164778692e+04 
       1.338967522292e-02       2.506105093368e+04 
       1.352439570318e-02       2.510848843602e+04 
       1.366047167619e-02       2.515392459439e+04 
       1.379791678028e-02       2.519732224525e+04 
       1.393674479098e-02       2.523864409343e+04 
       1.407696962244e-02       2.527785532787e+04 
       1.421860532880e-02       2.531492074360e+04 
       1.436166610560e-02       2.534980569910e+04 
       1.450616629122e-02       2.538247565341e+04 
       1.465212036829e-02       2.541289589199e+04 
       1.479954296518e-02       2.544103193721e+04 
       1.494844885743e-02       2.546684995957e+04 
       1.509885296925e-02       2.549031471437e+04 
       1.525077037500e-02       2.551139329693e+04 
       1.540421630073e-02       2.553005149657e+04 
       1.555920612567e-02       2.554625736728e+04 
       1.571575538381e-02       2.555997737093e+04 
       1.587387976541e-02       2.557117823239e+04 
       1.603359511865e-02       2.557982954068e+04 
       1.619491745112e-02       2.558589866025e+04 
       1.635786293151e-02       2.558935556726e+04 
       1.652244789120e-02       2.559016951984e+04 
       1.668868882588e-02       2.558831112464e+04 
       1.685660239727e-02       2.558375144693e+04 
       1.702620543473e-02       2.557646196409e+04 
       1.719751493699e-02       2.556641504967e+04 
       1.737054807385e-02       2.555358423279e+04 
       1.754532218796e-02       2.553794319683e+04 
       1.772185479650e-02       2.551946743294e+04 
       1.790016359304e-02       2.549813277458e+04 
       1.808026644929e-02       2.547391663587e+04 
       1.826218141698e-02       2.544679643855e+04 
       1.844592672969e-02       2.541675133742e+04 
       1.863152080477e-02       2.538376218311e+04 
       1.881898224527e-02       2.534781022976e+04 
       1.900832984190e-02       2.530887921055e+04 
       1.919958257510e-02       2.526695123176e+04 
       1.939275961710e-02       2.522201403245e+04 
       1.958788033407e-02       2.517405306331e+04 
       1.978496428835e-02       2.512305838203e+04 
       1.998403124077e-02       2.506901888143e+04 
       2.018510115307e-02       2.501192721343e+04 
       2.038819419043e-02       2.495177677006e+04 
       2.059333072420e-02       2.488856237673e+04 
       2.080053133469e-02       2.482228153602e+04 
       2.100981681431e-02       2.475293329294e+04 
       2.122120817080e-02       2.468051838016e+04 
       2.143472663086e-02       2.460504009674e+04 
       2.165039364403e-02       2.452650234668e+04 
       2.186823088695e-02       2.444491352268e+04 
       2.208826026817e-02       2.436028255143e+04 
       2.231050393332e-02       2.427262112236e+04 
       2.253498427103e-02       2.418194296198e+04 
       2.276172391950e-02       2.408826467251e+04 
       2.299074577384e-02       2.399160446613e+04 
       2.322207299442e-02       2.389198326158e+04 
       2.345572901627e-02       2.378942519194e+04 
       2.369173755970e-02       2.368395703491e+04 
       2.393012264233e-02       2.357560583592e+04 
       2.417090859274e-02       2.346440430495e+04 
       2.441412006591e-02       2.335038572935e+04 
       2.465978206073e-02       2.323358761447e+04 
       2.490791993983e-02       2.311404962748e+04 
       2.515855945192e-02       2.299181361646e+04 
       2.541172675716e-02       2.286692371271e+04 
       2.566744845560e-02       2.273942898247e+04 
       2.592575161937e-02       2.260937970275e+04 
       2.618666382865e-02       2.247682731756e+04 
       2.645021321221e-02       2.234183098962e+04 
       2.671642849257e-02       2.220444766294e+04 
       2.698533903654e-02       2.206473918688e+04 
       2.725697491151e-02       2.192277009557e+04 
       2.753136694788e-02       2.177860654224e+04 
       2.780854680843e-02       2.163231898328e+04 
       2.808854706487e-02       2.148397874023e+04 
       2.837140128242e-02       2.133366060143e+04 
       2.865714411277e-02       2.118144217048e+04 
       2.894581139621e-02       2.102740113441e+04 
       2.923744027344e-02       2.087162014026e+04 
       2.953206930769e-02       2.071418303746e+04 
       2.982973861787e-02       2.055517483506e+04 
       3.013049002334e-02       2.039468474278e+04 
       3.043436720100e-02       2.023279952291e+04 
       3.074141585528e-02       2.006961215423e+04 
       3.105168390191e-02       1.990521567002e+04 
       3.136522166593e-02       1.973970247087e+04 
       3.168208209483e-02       1.957316909961e+04 
       3.200232098748e-02       1.940571134888e+04 
       3.232599723957e-02       1.923742650901e+04 
       3.265317310636e-02       1.906841257915e+04 
       3.298391448359e-02       1.889876814319e+04 
       3.331829120735e-02       1.872859282387e+04 
       3.365637737375e-02       1.855798604798e+04 
       3.399825167957e-02       1.838704616896e+04 
       3.434399778460e-02       1.821587473450e+04 
       3.469370469716e-02       1.804456864864e+04 
       3.504746718370e-02       1.787322842997e+04 
       3.540538620414e-02       1.770195190673e+04 
       3.576756937419e-02       1.753083577268e+04 
       3.613413145653e-02       1.735997939344e+04 
       3.650519488259e-02       1.718947730500e+04 
       3.688089030703e-02       1.701942293247e+04 
       3.726135719732e-02       1.684991235355e+04 
       3.764674446087e-02       1.668103671015e+04 
       3.803721111279e-02       1.651288787105e+04 
       3.843292698736e-02       1.634555447232e+04 
       3.883407349696e-02       1.617912664343e+04 
       3.924084444246e-02       1.601368824438e+04 
       3.965344687958e-02       1.584932458521e+04 
       4.007210204622e-02       1.568611861193e+04 
       4.049704635642e-02       1.552415162161e+04 
       4.092853246711e-02       1.536350040459e+04 
       4.136683042454e-02       1.520424360716e+04 
       4.181222889799e-02       1.504645500470e+04 
       4.226503650926e-02       1.489020532135e+04 
       4.272558326735e-02       1.473556527919e+04 
       4.319422211839e-02       1.458260088484e+04 
       4.367133062249e-02       1.443137626951e+04 
       4.415731276988e-02       1.428195056696e+04 
       4.465260095015e-02       1.413438164583e+04 
       4.515765808977e-02       1.398872254069e+04 
       4.567297997451e-02       1.384501899240e+04 
       4.619909777492e-02       1.370331486190e+04 
       4.673658079490e-02       1.356364694473e+04 
       4.728603946482e-02       1.342604474641e+04 
       4.784812860304e-02       1.329052972980e+04 
       4.842355097121e-02       1.315711360579e+04 
       4.901306115088e-02       1.302579564607e+04 
       4.961746977116e-02       1.289656465236e+04 
       5.023764811873e-02       1.276939032162e+04 
       5.087453316370e-02       1.264422592934e+04 
       5.152913303600e-02       1.252100154342e+04 
       5.220253298840e-02       1.239962251110e+04 
       5.289590188236e-02       1.227996221255e+04 
       5.361049923291e-02       1.216185731613e+04 
       5.434768284654e-02       1.204510520525e+04 
       5.510891708287e-02       1.192945018422e+04 
       5.589578176504e-02       1.181457925947e+04 
       5.670998175469e-02       1.170011322823e+04 
       5.755335719464e-02       1.158559348337e+04 
       5.842789440427e-02       1.147047300457e+04 
       5.933573738822e-02       1.135410260643e+04 
       6.027919988634e-02       1.123571897021e+04 
       6.126077785077e-02       1.111443069839e+04 
       6.228316218166e-02       1.098920817535e+04 
       6.334925148545e-02       1.085887172834e+04 
       6.446216453585e-02       1.072208599816e+04 
       6.562525201745e-02       1.057736120394e+04 
       6.684210701376e-02       1.042305912191e+04 
       6.811657356711e-02       1.025741695744e+04 
       6.945275249147e-02       1.007858458730e+04 
       7.085500346730e-02       9.884685546790e+03 
       7.232794230403e-02       9.673904209318e+03 
       7.387643213888e-02       9.444604627567e+03 
       7.550556727829e-02       9.195484413221e+03 
       7.722064841386e-02       8.925759676351e+03 
       7.902714810079e-02       8.635378919728e+03 
       8.093066571617e-02       8.325246725771e+03 
       8.293687165570e-02       7.997437828186e+03 
       8.505144130387e-02       7.655360395009e+03 
       8.727998031476e-02       7.303832944613e+03 
       8.962794391433e-02       6.949019738698e+03 
       9.210055416911e-02       6.598183977944e+03 
       9.470272028838e-02       6.259241672416e+03 
       9.743896782650e-02       5.940105764140e+03 
       1.003133829079e-01       5.647880649923e+03 
       1.033295771389e-01       5.387965614667e+03 
       1.064906776299e-01       5.163173557361e+03 
       1.097993446116e-01       4.972981453184e+03 
       1.132578167244e-01       4.813033341561e+03 
       1.168679815510e-01       4.675064142485e+03 
       1.206314667373e-01       4.547451335967e+03 
       1.245497454492e-01       4.416602449443e+03 
       1.286242491417e-01       4.269246025695e+03 
       1.328564806999e-01       4.095341467019e+03 
       1.372481218122e-01       3.890875485801e+03 
       1.418011297164e-01       3.659528793447e+03 
       1.465178199271e-01       3.412388479666e+03 
       1.514009329721e-01       3.165527025738e+03 
       1.564536843344e-01       2.936066017745e+03 
       1.616797976287e-01       2.737852828461e+03 
       1.670835215000e-01       2.577954138781e+03 
       1.726696308544e-01       2.454848552631e+03 
       1.784434128725e-01       2.358754131722e+03 
       1.844106378905e-01       2.274710241532e+03 
       1.905775147385e-01       2.186064444136e+03 
       1.969506295649e-01       2.079384073071e+03 
       2.035368666111e-01       1.951862776548e+03 
       2.103433089051e-01       1.812076797819e+03 
       2.173771164643e-01       1.674799893003e+03 
       2.246453794287e-01       1.553516026398e+03 
       2.321549436704e-01       1.455534252750e+03 
       2.399122069461e-01       1.379515718013e+03 
       2.479228847089e-01       1.315570169675e+03 
       2.561917463768e-01       1.250738818896e+03 
       2.647223252814e-01       1.176990206153e+03 
       2.735166087067e-01       1.095027070216e+03 
       2.825747183275e-01       1.013092900303e+03 
       2.918945957094e-01       9.409904791624e+02 
       3.014717119173e-01       8.821294164562e+02 
       3.112988240155e-01       8.324369950540e+02 
       3.213658034710e-01       7.849044582100e+02 
       3.316595612782e-01       7.346994010432e+02 
       3.421640912052e-01       6.830637875845e+02 
       3.528606455379e-01       6.345383928905e+02 
       3.637280473367e-01       5.922878779333e+02 
       3.747431305764e-01       5.557709822702e+02 
       3.858812863954e-01       5.217582989363e+02 
       3.971170822216e-01       4.883065817048e+02 
       4.084249128287e-01       4.556113107797e+02 
       4.197796398185e-01       4.252073720185e+02 
       4.311571789833e-01       3.978710745499e+02 
       4.425350027108e-01       3.732294406564e+02 
       4.538925354216e-01       3.503603205280e+02 
       4.652114319502e-01       3.285428879477e+02 
       4.764757398937e-01       3.078428131384e+02 
       4.876719558657e-01       2.885643326138e+02 
       4.987889916098e-01       2.709577412521e+02 
       5.098180689867e-01       2.547585408425e+02 
       5.207525633672e-01       2.396287174929e+02 
       5.315878136089e-01       2.253407866030e+02 
       5.423209142790e-01       2.118767960301e+02 
       5.529505027329e-01       1.993113364951e+02 
       5.634765505593e-01       1.875964986763e+02 
       5.739001660557e-01       1.766819524520e+02 
       5.842234119812e-01       1.664366987539e+02 
       5.944491409001e-01       1.567815863934e+02 
       6.045808489690e-01       1.476729626696e+02 
       6.146225479792e-01       1.390718543771e+02 
       6.245786547654e-01       1.309858406771e+02 
       6.344538966694e-01       1.233693130353e+02 
       6.442532315225e-01       1.161848246573e+02 
       6.539817805320e-01       1.093973784934e+02 
       6.636447724787e-01       1.029594130095e+02 
       6.732474977147e-01       9.686291358099e+01 
       6.827952705686e-01       9.108473086245e+01 
       6.922933989056e-01       8.560496123220e+01 
       7.017471597282e-01       8.041704393671e+01 
       7.111617798438e-01       7.549120811439e+01 
       7.205424207551e-01       7.081412365544e+01 
       7.298941670486e-01       6.637328607700e+01 
       7.392220176604e-01       6.214790520709e+01 
       7.485308794984e-01       5.813513301214e+01 
       7.578255629747e-01       5.432265727962e+01 
       7.671107790804e-01       5.069682442696e+01 
       7.763911376910e-01       4.725499192812e+01 
       7.856711468457e-01       4.398304709378e+01 
       7.949552127869e-01       4.087344520913e+01 
       8.042476405854e-01       3.792293563209e+01 
       8.135526352063e-01       3.511964751533e+01 
       8.228743028998e-01       3.246100106111e+01 
       8.322166528233e-01       2.994203177175e+01 
       8.415835988171e-01       2.755389064888e+01 
       8.509789612776e-01       2.529557947918e+01 
       8.604064690791e-01       2.316034001549e+01 
       8.698697615108e-01       2.114280734425e+01 
       8.793723902028e-01       1.924210285468e+01 
       8.889178210225e-01       1.745142391771e+01 
       8.985094359308e-01       1.576863205795e+01 
       9.081505347906e-01       1.419110971090e+01 
       9.178443371248e-01       1.271324440088e+01 
       9.275939838273e-01       1.133421861503e+01 
       9.374025388274e-01       1.004978342558e+01 
       9.472729907166e-01       8.856846436880e+00 
       9.572082543433e-01       7.753924374306e+00 
       9.672111723850e-01       6.736455556068e+00 
       9.772845169062e-01       5.803119394391e+00 
       9.874309909131e-01       4.950733766825e+00 
       9.976532299128e-01       4.176270335601e+00 
       1.007953803487e+00       3.478006263334e+00 
       1.018335216891e+00       2.852190934547e+00 
       1.028799912680e+00       2.297057358314e+00 
       1.039350272379e+00       1.809445019506e+00 
       1.049988618192e+00       1.386686558393e+00 
       1.060717214766e+00       1.026322766927e+00 
       1.071538271002e+00       7.250772974257e-01 
       1.082453941929e+00       4.805827261418e-01 
       1.093466330623e+00       2.895904122434e-01 
       1.104577490197e+00       1.493516922065e-01 
       1.115789425834e+00       5.677588032898e-02 
       1.127104096878e+00       8.769158686383e-03 
       1.138523418969e+00       2.227582978304e-03 
       1.150049266224e+00       3.395760960698e-02 
       1.161683473458e+00       1.006639402706e-01 
       1.173427838425e+00       1.991651080488e-01 
       1.185284124095e+00       3.259312977894e-01 
       1.197254060937e+00       4.778228580681e-01 
       1.209339349214e+00       6.512113957205e-01 
       1.221541661268e+00       8.428608748329e-01 
       1.233862643806e+00       1.049171546812e+00 
       1.246303920159e+00       1.266959320336e+00 
       1.258867092512e+00       1.492515492122e+00 
       1.271553744106e+00       1.722791322290e+00 
       1.284365441385e+00       1.954213919849e+00 
       1.297303736107e+00       2.183772386147e+00 
       1.310370167381e+00       2.408049676414e+00 
       1.323566263658e+00       2.624317189189e+00 
       1.336893544638e+00       2.829284652012e+00 
       1.350353523115e+00       3.020590950424e+00 
       1.363947706745e+00       3.195203589553e+00 
       1.377677599726e+00       3.351169205316e+00 
       1.391544704414e+00       3.485807704136e+00 
       1.405550522837e+00       3.597708631812e+00 
       1.419696558145e+00       3.684689885485e+00 
       1.433984315964e+00       3.745742279653e+00 
       1.448415305679e+00       3.779617375202e+00 
       1.462991041631e+00       3.785466326711e+00 
       1.477713044236e+00       3.763163200667e+00 
       1.492582841036e+00       3.712216943627e+00 
       1.507601967668e+00       3.633443002984e+00 
       1.522771968771e+00       3.527146359953e+00 
       1.538094398823e+00       3.394555395194e+00 
       1.553570822919e+00       3.237335534036e+00 
       1.569202817488e+00       3.057094289120e+00 
       1.584991970956e+00       2.856503070478e+00 
       1.600939884361e+00       2.638013590094e+00 
       1.617048171916e+00       2.404806341691e+00 
       1.633318461533e+00       2.160518940837e+00 
       1.649752395309e+00       1.908759997949e+00 
       1.666351629969e+00       1.653841574267e+00 
       1.683117837285e+00       1.400269959050e+00 
       1.700052704461e+00       1.152649573528e+00 
       1.717157934493e+00       9.159875808479e-01 
       1.734435246507e+00       6.954407808063e-01 
       1.751886376072e+00       4.961336624713e-01 
       1.769513075505e+00       3.233655176864e-01 
       1.787317114147e+00       1.824149050970e-01 
       1.805300278637e+00       7.838826636108e-02 
       1.823464373167e+00       1.629176571297e-02 
       1.841811219732e+00       8.720762550359e-04 
       1.860342658366e+00       3.653309953240e-02 
       1.879060547377e+00       1.272839831101e-01 
       1.897966763573e+00       2.766238699836e-01 
       1.917063202481e+00       4.874418886986e-01 
       1.936351778570e+00       7.619834452578e-01 
       1.955834425462e+00       1.101782015732e+00 
       1.975513096147e+00       1.507478158999e+00 
       1.995389763195e+00       1.978813143962e+00 
       2.015466418964e+00       2.514606025629e+00 
       2.035745075814e+00       3.112687345726e+00 
       2.056227766317e+00       3.769842993918e+00 
       2.076916543466e+00       4.481738370286e+00 
       2.097813480885e+00       5.242950274165e+00 
       2.118920673047e+00       6.047024820470e+00 
       2.140240235483e+00       6.886481075935e+00 
       2.161774304997e+00       7.752837986888e+00 
       2.183525039886e+00       8.636659555600e+00 
       2.205494620155e+00       9.527648690879e+00 
       2.227685247737e+00       1.041479717230e+01 
       2.250099146717e+00       1.128651587725e+01 
       2.272738563554e+00       1.213081345352e+01 
       2.295605767308e+00       1.293540296598e+01 
       2.318703049866e+00       1.368800943266e+01 
       2.342032726175e+00       1.437643176677e+01 
       2.365597134473e+00       1.498892651724e+01 
       2.389398636522e+00       1.551432135967e+01 
       2.413439617846e+00       1.594234384209e+01 
       2.437722487973e+00       1.626382282252e+01 
       2.462249680673e+00       1.647093325421e+01 
       2.487023654202e+00       1.655747109164e+01 
       2.512046891552e+00       1.651902392790e+01 
       2.537321900695e+00       1.635316875716e+01 
       2.562851214838e+00       1.605962199884e+01 
       2.588637392676e+00       1.564040648747e+01 
       2.614683018649e+00       1.509986398280e+01 
       2.640990703199e+00       1.444475362086e+01 
       2.667563083033e+00       1.368423209397e+01 
       2.694402821390e+00       1.282967606941e+01 
       2.721512608300e+00       1.189463547927e+01 
       2.748895160865e+00       1.089453270131e+01 
       2.776553223519e+00       9.846499135800e+00 
       2.804489568315e+00       8.768963359023e+00 
       2.832706995192e+00       7.681257914749e+00 
       2.861208332264e+00       6.603190177065e+00 
       2.889996436099e+00       5.554573459451e+00 
       2.919074192006e+00       4.554675824061e+00 
       2.948444514325e+00       3.621712423375e+00 
       2.978110346719e+00       2.772290882664e+00 
       3.008074662468e+00       2.020876282944e+00 
       3.038340464769e+00       1.379312377562e+00 
       3.068910787034e+00       8.563847756335e-01 
       3.099788693197e+00       4.574823091951e-01 
       3.130977278019e+00       1.843004937492e-01 
       3.162479667401e+00       3.467917852439e-02 
       3.194299018691e+00       2.579571521057e-03 
       3.226438521010e+00       7.819191070545e-02 
       3.258901395563e+00       2.481781959910e-01 
       3.291690895965e+00       4.960649884136e-01 
       3.324810308570e+00       8.028097146554e-01 
       3.358262952796e+00       1.147445204303e+00 
       3.392052181458e+00       1.507882649295e+00 
       3.426181381108e+00       1.861871062645e+00 
       3.460653972371e+00       2.187816958070e+00 
       3.495473410288e+00       2.465898549336e+00 
       3.530643184663e+00       2.679007127212e+00 
       3.566166820414e+00       2.813532280927e+00 
       3.602047877924e+00       2.860328632255e+00 
       3.638289953399e+00       2.815249838099e+00 
       3.674896679228e+00       2.679535692560e+00 
       3.711871724348e+00       2.460135630482e+00 
       3.749218794611e+00       2.169431144557e+00 
       3.786941633155e+00       1.825026348599e+00 
       3.825044020780e+00       1.448842730803e+00 
       3.863529776326e+00       1.066319968484e+00 
       3.902402757058e+00       7.049604464223e-01 
       3.941666859049e+00       3.930012690430e-01 
       3.981326017573e+00       1.576415402385e-01 
       4.021384207500e+00       2.340687673284e-02 
       4.061845443691e+00       1.040182507681e-02 
       4.102713781405e+00       1.327552359436e-01 
       4.143993316702e+00       3.972756320853e-01 
       4.185688186854e+00       8.024801505821e-01 
       4.227802570761e+00       1.338018540358e+00 
       4.270340689369e+00       1.984673607492e+00 
       4.313306806093e+00       2.714920040075e+00 
       4.356705227244e+00       3.494035378078e+00 
       4.400540302462e+00       4.281863913363e+00 
       4.444816425150e+00       5.035047149211e+00 
       4.489538032917e+00       5.709648152685e+00 
       4.534709608018e+00       6.264069727879e+00 
       4.580335677810e+00       6.661949903000e+00 
       4.626420815199e+00       6.875153942845e+00 
       4.672969639103e+00       6.885966159969e+00 
       4.719986814912e+00       6.689121410494e+00 
       4.767477054960e+00       6.292808802419e+00 
       4.815445118991e+00       5.718687195517e+00 
       4.863895814641e+00       5.001008182816e+00 
       4.912833997916e+00       4.184578030452e+00 
       4.962264573683e+00       3.321686429722e+00 
       5.012192496160e+00       2.468338546716e+00 
       5.062622769409e+00       1.679815699469e+00 
       5.113560447843e+00       1.006101171793e+00 
       5.165010636729e+00       4.874740630974e-01 
       5.216978492702e+00       1.507321497767e-01 
       5.269469224277e+00       6.449650615176e-03 
       5.322488092380e+00       4.763274176674e-02 
       5.376040410865e+00       2.500216327836e-01 
       5.430131547055e+00       5.741370979816e-01 
       5.484766922274e+00       9.690278552229e-01 
       5.539952012394e+00       1.377421407572e+00 
       5.595692348382e+00       1.741893426255e+00 
       5.651993516855e+00       2.011366924513e+00 
       5.708861160641e+00       2.147339975479e+00 
       5.766300979342e+00       2.128922032332e+00 
       5.824318729907e+00       1.956203706346e+00 
       5.882920227209e+00       1.651099814948e+00 
       5.942111344627e+00       1.255696321355e+00 
       6.001898014635e+00       8.276656327768e-01 
       6.062286229398e+00       4.334841704801e-01 
       6.123282041370e+00       1.398207665839e-01 
       6.184891563903e+00       4.248387077119e-03 
       6.247120971856e+00       6.647778925415e-02 
       6.309976502220e+00       3.413156220560e-01 
       6.373464454737e+00       8.145817481665e-01 
       6.437591192535e+00       1.442846352574e+00 
       6.502363142766e+00       2.157382428321e+00 
       6.567786797246e+00       2.872201369111e+00 
       6.633868713110e+00       3.495276883602e+00 
       6.700615513469e+00       3.941703347664e+00 
       6.768033888071e+00       4.146680586011e+00 
       6.836130593973e+00       4.076428543451e+00 
       6.904912456219e+00       3.735103825448e+00 
       6.974386368523e+00       3.165990038263e+00 
       7.044559293960e+00       2.446475995924e+00 
       7.115438265665e+00       1.677073223584e+00 
       7.187030387536e+00       9.657232941842e-01 
       7.259342834947e+00       4.099806786972e-01 
       7.332382855469e+00       7.996762721949e-02 
       7.406157769591e+00       5.402085194293e-03 
       7.480674971461e+00       1.694499185860e-01 
       7.555941929621e+00       5.111604432953e-01 
       7.631966187759e+00       9.367067591536e-01 
       7.708755365464e+00       1.337842315267e+00 
       7.786317158988e+00       1.614378414461e+00 
       7.864659342022e+00       1.696165474487e+00 
       7.943789766469e+00       1.559871901807e+00 
       8.023716363235e+00       1.236199816819e+00 
       8.104447143025e+00       8.053338871092e-01 
       8.185990197142e+00       3.802790391039e-01 
       8.268353698299e+00       8.124118640120e-02 
       8.351545901441e+00       6.156599145922e-03 
       8.435575144568e+00       2.043598231321e-01 
       8.520449849576e+00       6.602091248092e-01 
       8.606178523096e+00       1.291799728010e+00 
       8.692769757348e+00       1.966575258876e+00 
       8.780232231004e+00       2.531352862874e+00 
       8.868574710057e+00       2.850244406060e+00 
       8.957806048698e+00       2.840913492255e+00 
       9.047935190206e+00       2.499114034974e+00 
       9.138971167841e+00       1.903652151741e+00 
       9.230923105753e+00       1.198552627427e+00 
       9.323800219895e+00       5.557173201402e-01 
       9.417611818945e+00       1.273612180800e-01 
       9.512367305241e+00       1.750162785513e-03 
       9.608076175724e+00       1.760548438195e-01 
       9.704748022887e+00       5.562041609848e-01 
       9.802392535739e+00       9.858725346013e-01 
       9.901019500776e+00       1.297355262191e+00 
       1.000063880296e+01       1.368883212467e+00 
       1.010126042671e+01       1.169162486536e+00 
       1.020289445690e+01       7.723322894507e-01 
       1.030555107988e+01       3.354548189355e-01 
       1.040924058449e+01       4.350980033497e-02 
       1.051397336309e+01       3.959684651646e-02 
       1.061975991260e+01       3.656599958692e-01 
       1.072661083555e+01       9.377469244611e-01 
       1.083453684116e+01       1.568863776652e+00 
       1.094354874640e+01       2.034813247698e+00 
       1.105365747707e+01       2.160277538671e+00 
       1.116487406889e+01       1.891495951265e+00 
       1.127720966863e+01       1.323921714792e+00 
       1.139067553522e+01       6.691775963586e-01 
       1.150528304085e+01       1.705585598487e-01 
       1.162104367215e+01       3.745403133842e-04 
       1.173796903132e+01       1.839390309139e-01 
       1.185607083728e+01       5.872545505202e-01 
       1.197536092689e+01       9.788924964685e-01 
       1.209585125607e+01       1.141678012782e+00 
       1.221755390107e+01       9.827038803692e-01 
       1.234048105962e+01       5.858666503072e-01 
       1.246464505220e+01       1.750725445480e-01 
       1.259005832322e+01       2.146440760347e-05 
       1.271673344233e+01       1.993312569651e-01 
       1.284468310564e+01       7.140513933050e-01 
       1.297392013700e+01       1.304424557065e+00 
       1.310445748929e+01       1.670025645379e+00 
       1.323630824572e+01       1.613827296147e+00 
       1.336948562112e+01       1.158764526424e+00 
       1.350400296330e+01       5.438782894295e-01 
       1.363987375436e+01       9.264052476626e-02 
       1.377711161205e+01       2.396244632201e-02 
       1.391573029115e+01       3.193461068781e-01 
       1.405574368480e+01       7.345983052291e-01 
       1.419716582597e+01       9.584758084641e-01 
       1.434001088879e+01       8.227377335661e-01 
       1.448429319001e+01       4.239250851922e-01 
       1.463002719044e+01       6.500173574412e-02 
       1.477722749638e+01       4.406272948344e-02 
       1.492590886109e+01       4.308541449757e-01 
       1.507608618627e+01       9.955157579122e-01 
       1.522777452355e+01       1.356782290128e+00 
       1.538098907602e+01       1.256422021830e+00 
       1.553574519973e+01       7.591790770050e-01 
       1.569205840520e+01       2.157774206505e-01 
       1.584994435907e+01       2.460307302173e-04 
       1.600941888556e+01       2.176340993875e-01 
       1.617049796814e+01       6.209008377993e-01 
       1.633319775106e+01       8.203550210063e-01 
       1.649753454105e+01       6.237639670560e-01 
       1.666352480888e+01       2.153277071602e-01 
       1.683118519105e+01       1.278320405196e-05 
       1.700053249144e+01       2.312117945981e-01 
       1.717158368303e+01       7.543946209688e-01 
       1.734435590954e+01       1.121958014630e+00 
       1.751886648720e+01       1.000174037088e+00 
       1.769513290646e+01       4.937035848654e-01 
       1.787317283377e+01       5.910174082993e-02 
       1.805300411330e+01       6.501920842094e-02 
       1.823464476878e+01       4.263646785970e-01 
       1.841811300529e+01       6.987815347100e-01 
       1.860342721105e+01       5.590892040548e-01 
       1.879060595935e+01       1.688521288039e-01 
       1.897966801029e+01       5.729623495415e-03 
       1.917063231277e+01       3.175831553881e-01 
       1.936351800634e+01       8.074018755978e-01 
       1.955834442309e+01       9.418984347135e-01 
       1.975513108967e+01       5.650957644388e-01 
       1.995389772916e+01       9.660331953392e-02 
       2.015466426309e+01       4.223758487322e-02 
       2.035745081345e+01       3.835531759733e-01 
       2.056227770467e+01       6.130299531444e-01 
       2.076916546568e+01       4.023044561871e-01 
       2.097813483196e+01       5.022118815683e-02 
       2.118920674762e+01       8.805464593970e-02 
       2.140240236751e+01       5.328753854473e-01 
       2.161774305931e+01       8.189899067517e-01 
       2.183525040572e+01       5.599170933128e-01 
       2.205494620656e+01       1.015563886688e-01 
       2.227685248102e+01       4.413516335984e-02 
       2.250099146982e+01       3.803426915946e-01 
       2.272738563746e+01       5.259634323264e-01 
       2.295605767446e+01       2.348928861512e-01 
       2.318703049965e+01       2.358668441190e-06 
       2.342032726246e+01       2.647759394357e-01 
       2.365597134523e+01       6.660726165162e-01 
       2.389398636557e+01       5.783281840878e-01 
       2.413439617871e+01       1.366701395005e-01 
       2.437722487991e+01       2.838351278059e-02 
       2.462249680685e+01       3.438034902273e-01 
       2.487023654211e+01       4.480239400378e-01 
       2.512046891558e+01       1.374348500200e-01 
       2.537321900699e+01       2.400901864999e-02 
       2.562851214840e+01       3.910177069250e-01 
       2.588637392678e+01       6.081169876863e-01 
       2.614683018650e+01       2.783687463567e-01 
       2.640990703200e+01       6.856508555570e-05 
       2.667563083034e+01       2.286516133125e-01 
       2.694402821390e+01       4.124799786563e-01 
       2.721512608301e+01       1.454494543252e-01 
       2.748895160865e+01       2.165977314283e-02 
       2.776553223520e+01       3.753904352852e-01 
       2.804489568315e+01       5.114273157059e-01 
       2.832706995192e+01       1.469518827828e-01 
       2.861208332264e+01       2.763695542548e-02 
       2.889996436099e+01       3.167029762522e-01 
       2.919074192006e+01       2.815665066933e-01 
       2.948444514325e+01       7.897546086551e-03 
       2.978110346719e+01       2.010023937818e-01 
       3.008074662468e+01       4.732062404468e-01 
       3.038340464769e+01       2.005751821843e-01 
       3.068910787034e+01       8.846034263378e-03 
       3.099788693197e+01       2.716115600649e-01 
       3.130977278019e+01       2.458904243418e-01 
       3.162479667401e+01       1.235512617253e-03 
       3.194299018691e+01       2.369670022294e-01 
       3.226438521010e+01       4.025558434666e-01 
       3.258901395563e+01       7.777591554657e-02 
       3.291690895965e+01       7.648646060400e-02 
       3.324810308570e+01       2.960119241535e-01 
       3.358262952796e+01       7.935209943260e-02 
       3.392052181458e+01       7.503243068580e-02 
       3.426181381108e+01       3.680632065635e-01 
       3.460653972371e+01       1.590088894788e-01 
       3.495473410288e+01       2.343999068801e-02 
       3.530643184663e+01       2.586537052381e-01 
       3.566166820414e+01       9.651719504897e-02 
       3.602047877924e+01       5.837352967946e-02 
       3.638289953399e+01       3.317833831707e-01 
       3.674896679228e+01       1.135166978340e-01 
       3.711871724348e+01       4.923066997183e-02 
       3.749218794611e+01       2.399177381557e-01 
       3.786941633155e+01       2.778979598606e-02 
       3.825044020780e+01       1.464238747458e-01 
       3.863529776326e+01       2.736898444276e-01 
       3.902402757058e+01       7.544296626613e-03 
       3.941666859049e+01       1.650506019710e-01 
       3.981326017573e+01       1.261951124223e-01 
       4.021384207500e+01       3.176001857832e-02 
       4.061845443691e+01       2.715474104402e-01 
       4.102713781405e+01       5.341619430464e-02 
       4.143993316702e+01       9.911824556439e-02 
       4.185688186854e+01       1.528063900234e-01 
       4.227802570761e+01       1.140828880181e-02 
       4.270340689369e+01       2.430090736903e-01 
       4.313306806093e+01       5.061217666543e-02 
       4.356705227244e+01       1.002763229667e-01 
       4.400540302462e+01       1.201698840280e-01 
       4.444816425150e+01       3.224912980745e-02 
       4.489538032917e+01       2.225695929513e-01 
       4.534709608018e+01       6.833435536547e-03 
       4.580335677810e+01       1.477176203213e-01 
       4.626420815199e+01       3.684875969292e-02 
       4.672969639102e+01       1.227421356738e-01 
       4.719986814912e+01       1.267665004573e-01 
       4.767477054960e+01       3.414941091975e-02 
       4.815445118991e+01       1.290073152284e-01 
       4.863895814641e+01       1.725534006985e-02 
       4.912833997916e+01       1.844813162355e-01 
       4.962264573683e+01       3.806320930889e-05 
       5.012192496160e+01       1.405604437597e-01 
       5.062622769409e+01       2.675132915921e-04 
       5.113560447843e+01       1.697791254676e-01 
       5.165010636729e+01       9.851975649115e-03 
       5.216978492702e+01       1.239039359953e-01 
       5.269469224277e+01       3.719196430644e-03 
       5.322488092380e+01       1.535225246297e-01 
       5.376040410865e+01       8.682996630226e-03 
       5.430131547055e+01       1.178185684442e-01 
       5.484766922274e+01       1.186181065489e-04 
       5.539952012394e+01       1.478844159681e-01 
       5.595692348382e+01       2.179173916312e-05 
       5.651993516855e+01       1.077333408890e-01 
       5.708861160641e+01       1.607692943534e-02 
       5.766300979342e+01       1.123695666156e-01 
       5.824318729907e+01       3.078436180562e-02 
       5.882920227209e+01       4.943264202827e-02 
       5.942111344627e+01       8.984375862313e-02 
       6.001898014635e+01       2.122629457158e-02 
       6.062286229398e+01       9.472907434147e-02 
       6.123282041370e+01       2.418884217517e-03 
       6.184891563903e+01       1.045616688826e-01 
       6.247120971856e+01       3.010535557840e-02 
       6.309976502220e+01       2.825020841585e-02 
       6.373464454737e+01       1.016874550431e-01 
       6.437591192535e+01       4.622289904978e-05 
       6.502363142766e+01       7.127691096012e-02 
       6.567786797246e+01       5.369209045461e-02 
       6.633868713110e+01       1.793567506877e-02 
       6.700615513469e+01       7.967555993715e-02 
       6.768033888071e+01       2.230743803176e-02 
       6.836130593973e+01       3.760182814207e-02 
       6.904912456219e+01       7.285265895158e-02 
       6.974386368523e+01       1.211917077003e-02 
       7.044559293960e+01       4.124892749345e-02 
       7.115438265665e+01       6.845184952476e-02 
       7.187030387536e+01       1.477189469458e-02 
       7.259342834947e+01       2.902622176438e-02 
       7.332382855469e+01       6.656402777831e-02 
       7.406157769591e+01       3.118919421484e-02 
       7.480674971461e+01       7.855792156049e-03 
       7.555941929621e+01       5.290575838371e-02 
       7.631966187759e+01       6.102965614218e-02 
       7.708755365464e+01       2.223488256657e-03 
       7.786317158988e+01       1.660770070326e-02 
       7.864659342022e+01       6.984480031372e-02 
       7.943789766469e+01       3.731356129697e-02 
       8.023716363235e+01       4.169813067455e-03 
       8.104447143025e+01       1.889955322736e-02 
       8.185990197142e+01       4.729737265261e-02 
       8.268353698299e+01       5.746973899548e-02 
       8.351545901441e+01       1.296314101335e-02 
       8.435575144568e+01       3.183853401804e-05 
       8.520449849576e+01       2.595515929226e-02 
       8.606178523096e+01       4.379253388105e-02 
       8.692769757348e+01       5.465409426178e-02 
       8.780232231004e+01       2.167483514199e-02 
       8.868574710057e+01       5.150271018162e-03 
       8.957806048698e+01       3.368942670898e-03 
       9.047935190206e+01       1.540190543515e-02 
       9.138971167841e+01       4.181409905135e-02 
       9.230923105753e+01       4.149466188465e-02 
       9.323800219895e+01       4.644128934965e-02 
       9.417611818945e+01       2.538761493799e-02 
       9.512367305241e+01       1.755799612032e-02 
       9.608076175724e+01       3.298907848850e-03 
       9.704748022887e+01       6.848310409335e-04 
       9.802392535739e+01       1.682552405874e-03 
       9.901019500776e+01       3.478076122131e-03 
       1.000063880296e+02       1.187980213131e-02 
