# Matter power spectrum P(k) at redshift z=0
# for k=2.08123e-07 to 100.063 h/Mpc,
# number of wavenumbers equal to 1835
#    1:k (h/Mpc)              2:P (Mpc/h)^3        
       2.081229070888e-07       1.135377793495e+00 
       2.102169398064e-07       1.146403101270e+00 
       2.123320416753e-07       1.157535472450e+00 
       2.144684246832e-07       1.168775946693e+00 
       2.166263029507e-07       1.180125573756e+00 
       2.188058927528e-07       1.191585413588e+00 
       2.210074125405e-07       1.203156536432e+00 
       2.232310829628e-07       1.214840022923e+00 
       2.254771268887e-07       1.226636964191e+00 
       2.277457694297e-07       1.238548461960e+00 
       2.300372379622e-07       1.250575628653e+00 
       2.323517621504e-07       1.262719587497e+00 
       2.346895739691e-07       1.274981472623e+00 
       2.370509077273e-07       1.287362429179e+00 
       2.394360000916e-07       1.299863613431e+00 
       2.418450901095e-07       1.312486192871e+00 
       2.442784192339e-07       1.325231346334e+00 
       2.467362313471e-07       1.338100264098e+00 
       2.492187727852e-07       1.351094147999e+00 
       2.517262923627e-07       1.364214211546e+00 
       2.542590413977e-07       1.377461680032e+00 
       2.568172737369e-07       1.390837790647e+00 
       2.594012457810e-07       1.404343792594e+00 
       2.620112165105e-07       1.417980947209e+00 
       2.646474475118e-07       1.431750528076e+00 
       2.673102030032e-07       1.445653821146e+00 
       2.699997498612e-07       1.459692124857e+00 
       2.727163576477e-07       1.473866750256e+00 
       2.754602986369e-07       1.488179024333e+00 
       2.782318478422e-07       1.502630204170e+00 
       2.810312830442e-07       1.517221850844e+00 
       2.838588848186e-07       1.531955067213e+00 
       2.867149365637e-07       1.546831415488e+00 
       2.895997245296e-07       1.561852225780e+00 
       2.925135378462e-07       1.577018895122e+00 
       2.954566685528e-07       1.592332844657e+00 
       2.984294116268e-07       1.607795568562e+00 
       3.014320650136e-07       1.623408411756e+00 
       3.044649296564e-07       1.639172820672e+00 
       3.075283095265e-07       1.655090328527e+00 
       3.106225116532e-07       1.671162406063e+00 
       3.137478461554e-07       1.687390558697e+00 
       3.169046262721e-07       1.703776290901e+00 
       3.200931683940e-07       1.720321143306e+00 
       3.233137920950e-07       1.737026643555e+00 
       3.265668201647e-07       1.753894320367e+00 
       3.298525786402e-07       1.770925914213e+00 
       3.331713968391e-07       1.788122780419e+00 
       3.365236073925e-07       1.805486673317e+00 
       3.399095462783e-07       1.823019205880e+00 
       3.433295528547e-07       1.840721987416e+00 
       3.467839698944e-07       1.858596702274e+00 
       3.502731436190e-07       1.876645025440e+00 
       3.537974237335e-07       1.894868553559e+00 
       3.573571634617e-07       1.913269044545e+00 
       3.609527195810e-07       1.931847954272e+00 
       3.645844524589e-07       1.950607826210e+00 
       3.682527260884e-07       1.969549584323e+00 
       3.719579081252e-07       1.988675280074e+00 
       3.757003699238e-07       2.007986699624e+00 
       3.794804865752e-07       2.027485646481e+00 
       3.832986369446e-07       2.047173941665e+00 
       3.871552037090e-07       2.067053423880e+00 
       3.910505733956e-07       2.087125949684e+00 
       3.949851364208e-07       2.107393382885e+00 
       3.989592871291e-07       2.127857637731e+00 
       4.029734238329e-07       2.148520614714e+00 
       4.070279488520e-07       2.169384243565e+00 
       4.111232685542e-07       2.190450472754e+00 
       4.152597933960e-07       2.211721269670e+00 
       4.194379379637e-07       2.233198620807e+00 
       4.236581210151e-07       2.254884531952e+00 
       4.279207655212e-07       2.276781028366e+00 
       4.322262987087e-07       2.298890154978e+00 
       4.365751521029e-07       2.321213980979e+00 
       4.409677615709e-07       2.343754597921e+00 
       4.454045673654e-07       2.366514084666e+00 
       4.498860141686e-07       2.389494553878e+00 
       4.544125511368e-07       2.412698207158e+00 
       4.589846319456e-07       2.436127184037e+00 
       4.636027148352e-07       2.459783672563e+00 
       4.682672626566e-07       2.483669882034e+00 
       4.729787429175e-07       2.507788067856e+00 
       4.777376278296e-07       2.532140425916e+00 
       4.825443943557e-07       2.556729225843e+00 
       4.873995242576e-07       2.581556889585e+00 
       4.923035041443e-07       2.606625602305e+00 
       4.972568255211e-07       2.631937719202e+00 
       5.022599848381e-07       2.657495279266e+00 
       5.073134835409e-07       2.683301698045e+00 
       5.124178281202e-07       2.709358400945e+00 
       5.175735301627e-07       2.735668157094e+00 
       5.227811064026e-07       2.762233398948e+00 
       5.280410787731e-07       2.789056604924e+00 
       5.333539744589e-07       2.816140283551e+00 
       5.387203259490e-07       2.843486964254e+00 
       5.441406710901e-07       2.871099198704e+00 
       5.496155531402e-07       2.898979567823e+00 
       5.551455208236e-07       2.927130673833e+00 
       5.607311283855e-07       2.955555191768e+00 
       5.663729356476e-07       2.984255641901e+00 
       5.720715080643e-07       3.013234985949e+00 
       5.778274167793e-07       3.042495617982e+00 
       5.836412386828e-07       3.072040375818e+00 
       5.895135564697e-07       3.101872001182e+00 
       5.954449586973e-07       3.131993356794e+00 
       6.014360398449e-07       3.162407189375e+00 
       6.074874003732e-07       3.193116338956e+00 
       6.135996467842e-07       3.224123718293e+00 
       6.197733916826e-07       3.255432222290e+00 
       6.260092538366e-07       3.287044696391e+00 
       6.323078582401e-07       3.318964179422e+00 
       6.386698361755e-07       3.351193662527e+00 
       6.450958252769e-07       3.383736082993e+00 
       6.515864695939e-07       3.416594483186e+00 
       6.581424196561e-07       3.449772019078e+00 
       6.647643325386e-07       3.483271703231e+00 
       6.714528719277e-07       3.517096692586e+00 
       6.782087081873e-07       3.551250124077e+00 
       6.850325184260e-07       3.585735231115e+00 
       6.919249865655e-07       3.620555236070e+00 
       6.988868034086e-07       3.655713314840e+00 
       7.059186667085e-07       3.691212861686e+00 
       7.130212812392e-07       3.727057104002e+00 
       7.201953588655e-07       3.763249387631e+00 
       7.274416186148e-07       3.799793187229e+00 
       7.347607867488e-07       3.836691808493e+00 
       7.421535968368e-07       3.873948717125e+00 
       7.496207898287e-07       3.911567488810e+00 
       7.571631141296e-07       3.949551455073e+00 
       7.647813256745e-07       3.987904421300e+00 
       7.724761880046e-07       4.026629781458e+00 
       7.802484723431e-07       4.065731155061e+00 
       7.880989576732e-07       4.105212228816e+00 
       7.960284308156e-07       4.145076612606e+00 
       8.040376865078e-07       4.185328189814e+00 
       8.121275274834e-07       4.225970635574e+00 
       8.202987645529e-07       4.267007747417e+00 
       8.285522166847e-07       4.308443176098e+00 
       8.368887110873e-07       4.350281337889e+00 
       8.453090832920e-07       4.392525592979e+00 
       8.538141772370e-07       4.435180069092e+00 
       8.624048453519e-07       4.478248750324e+00 
       8.710819486426e-07       4.521735657842e+00 
       8.798463567786e-07       4.565644596317e+00 
       8.886989481793e-07       4.609980173427e+00 
       8.976406101021e-07       4.654746523132e+00 
       9.066722387320e-07       4.699947351158e+00 
       9.157947392708e-07       4.745586873549e+00 
       9.250090260280e-07       4.791669839151e+00 
       9.343160225123e-07       4.838200466305e+00 
       9.437166615246e-07       4.885182625716e+00 
       9.532118852509e-07       4.932621274378e+00 
       9.628026453573e-07       4.980520232999e+00 
       9.724899030849e-07       5.028884545628e+00 
       9.822746293463e-07       5.077718618076e+00 
       9.921578048233e-07       5.127026753476e+00 
       1.002140420064e-06       5.176813714391e+00 
       1.012223475585e-06       5.227084256436e+00 
       1.022407981966e-06       5.277842755779e+00 
       1.032694959959e-06       5.329094269913e+00 
       1.043085440583e-06       5.380843478235e+00 
       1.053580465231e-06       5.433095205730e+00 
       1.064181085777e-06       5.485854335963e+00 
       1.074888364674e-06       5.539125791892e+00 
       1.085703375068e-06       5.592914824539e+00 
       1.096627200901e-06       5.647225832160e+00 
       1.107660937023e-06       5.702064243458e+00 
       1.118805689298e-06       5.757435125715e+00 
       1.130062574716e-06       5.813343818690e+00 
       1.141432721508e-06       5.869795424772e+00 
       1.152917269255e-06       5.926795576464e+00 
       1.164517369006e-06       5.984348815279e+00 
       1.176234183387e-06       6.042460695321e+00 
       1.188068886727e-06       6.101137318278e+00 
       1.200022665167e-06       6.160383846360e+00 
       1.212096716783e-06       6.220205066224e+00 
       1.224292251707e-06       6.280607894396e+00 
       1.236610492245e-06       6.341596967642e+00 
       1.249052673002e-06       6.403178278033e+00 
       1.261620041005e-06       6.465357645260e+00 
       1.274313855828e-06       6.528140773167e+00 
       1.287135389719e-06       6.591533553158e+00 
       1.300085927724e-06       6.655541784547e+00 
       1.313166767822e-06       6.720171785841e+00 
       1.326379221050e-06       6.785428962124e+00 
       1.339724611635e-06       6.851320184529e+00 
       1.353204277130e-06       6.917851255282e+00 
       1.366819568544e-06       6.985028410037e+00 
       1.380571850479e-06       7.052857886139e+00 
       1.394462501270e-06       7.121346029065e+00 
       1.408492913117e-06       7.190499237998e+00 
       1.422664492227e-06       7.260323977753e+00 
       1.436978658960e-06       7.330826764059e+00 
       1.451436847962e-06       7.402014181213e+00 
       1.466040508317e-06       7.473892903166e+00 
       1.480791103687e-06       7.546469591518e+00 
       1.495690112462e-06       7.619751019229e+00 
       1.510739027907e-06       7.693744481168e+00 
       1.525939358310e-06       7.768455870899e+00 
       1.541292627136e-06       7.843892797207e+00 
       1.556800373178e-06       7.920062439734e+00 
       1.572464150712e-06       7.996972126767e+00 
       1.588285529650e-06       8.074627959508e+00 
       1.604266095704e-06       8.153038215407e+00 
       1.620407450537e-06       8.232209842736e+00 
       1.636711211928e-06       8.312150421297e+00 
       1.653179013935e-06       8.392867215775e+00 
       1.669812507055e-06       8.474367975006e+00 
       1.686613358393e-06       8.556659735114e+00 
       1.703583251827e-06       8.639750734489e+00 
       1.720723888177e-06       8.723648918462e+00 
       1.738036985376e-06       8.808361375784e+00 
       1.755524278643e-06       8.893896898007e+00 
       1.773187520655e-06       8.980262512934e+00 
       1.791028481722e-06       9.067467083881e+00 
       1.809048949971e-06       9.155518472828e+00 
       1.827250731514e-06       9.244425432587e+00 
       1.845635650640e-06       9.334194723436e+00 
       1.864205549990e-06       9.424836512967e+00 
       1.882962290748e-06       9.516358014531e+00 
       1.901907752822e-06       9.608768774074e+00 
       1.921043835034e-06       9.702076600406e+00 
       1.940372455313e-06       9.796290141423e+00 
       1.959895550885e-06       9.891418981434e+00 
       1.979615078466e-06       9.987471332705e+00 
       1.999533014462e-06       1.008445675781e+01 
       2.019651355161e-06       1.018238390867e+01 
       2.039972116941e-06       1.028126220595e+01 
       2.060497336465e-06       1.038110038717e+01 
       2.081229070888e-06       1.048190760912e+01 
       2.102169398064e-06       1.058369429229e+01 
       2.123320416753e-06       1.068646935733e+01 
       2.144684246832e-06       1.079024237477e+01 
       2.166263029507e-06       1.089502321654e+01 
       2.188058927528e-06       1.100082129690e+01 
       2.210074125405e-06       1.110764688527e+01 
       2.232310829628e-06       1.121550985661e+01 
       2.254771268887e-06       1.132442052438e+01 
       2.277457694297e-06       1.143438832043e+01 
       2.300372379622e-06       1.154542395166e+01 
       2.323517621504e-06       1.165753814731e+01 
       2.346895739691e-06       1.177074073589e+01 
       2.370509077273e-06       1.188504287769e+01 
       2.394360000915e-06       1.200045528313e+01 
       2.418450901095e-06       1.211698768912e+01 
       2.442784192339e-06       1.223465199219e+01 
       2.467362313471e-06       1.235345899708e+01 
       2.492187727852e-06       1.247341971507e+01 
       2.517262923627e-06       1.259454537836e+01 
       2.542590413977e-06       1.271684712106e+01 
       2.568172737369e-06       1.284033617878e+01 
       2.594012457809e-06       1.296502472980e+01 
       2.620112165105e-06       1.309092397581e+01 
       2.646474475118e-06       1.321804600144e+01 
       2.673102030032e-06       1.334640257503e+01 
       2.699997498612e-06       1.347600524058e+01 
       2.727163576477e-06       1.360686671347e+01 
       2.754602986369e-06       1.373899870640e+01 
       2.782318478422e-06       1.387241380347e+01 
       2.810312830442e-06       1.400712457024e+01 
       2.838588848186e-06       1.414314354992e+01 
       2.867149365637e-06       1.428048295234e+01 
       2.895997245296e-06       1.441915698964e+01 
       2.925135378462e-06       1.455917642391e+01 
       2.954566685528e-06       1.470055610480e+01 
       2.984294116268e-06       1.484330866694e+01 
       3.014320650136e-06       1.498744722603e+01 
       3.044649296564e-06       1.513298570101e+01 
       3.075283095265e-06       1.527993761758e+01 
       3.106225116532e-06       1.542831641103e+01 
       3.137478461554e-06       1.557813608612e+01 
       3.169046262721e-06       1.572941044525e+01 
       3.200931683940e-06       1.588215387794e+01 
       3.233137920950e-06       1.603638054049e+01 
       3.265668201647e-06       1.619210485982e+01 
       3.298525786402e-06       1.634934128939e+01 
       3.331713968391e-06       1.650810558562e+01 
       3.365236073925e-06       1.666841061796e+01 
       3.399095462783e-06       1.683027169657e+01 
       3.433295528546e-06       1.699370567907e+01 
       3.467839698943e-06       1.715872636901e+01 
       3.502731436189e-06       1.732534947593e+01 
       3.537974237335e-06       1.749359069260e+01 
       3.573571634617e-06       1.766346513018e+01 
       3.609527195810e-06       1.783498992977e+01 
       3.645844524589e-06       1.800817989382e+01 
       3.682527260884e-06       1.818305166461e+01 
       3.719579081252e-06       1.835962067205e+01 
       3.757003699237e-06       1.853790523473e+01 
       3.794804865752e-06       1.871792182063e+01 
       3.832986369446e-06       1.889968497808e+01 
       3.871552037090e-06       1.908321482623e+01 
       3.910505733955e-06       1.926852501496e+01 
       3.949851364208e-06       1.945563625669e+01 
       3.989592871291e-06       1.964456320914e+01 
       4.029734238329e-06       1.983532541722e+01 
       4.070279488520e-06       2.002793999088e+01 
       4.111232685542e-06       2.022242505493e+01 
       4.152597933960e-06       2.041879963856e+01 
       4.194379379637e-06       2.061707928872e+01 
       4.236581210151e-06       2.081728593624e+01 
       4.279207655212e-06       2.101943568227e+01 
       4.322262987086e-06       2.122354857425e+01 
       4.365751521029e-06       2.142964429504e+01 
       4.409677615709e-06       2.163774021866e+01 
       4.454045673654e-06       2.184785799330e+01 
       4.498860141686e-06       2.206001550197e+01 
       4.544125511368e-06       2.227423312077e+01 
       4.589846319456e-06       2.249053148728e+01 
       4.636027148352e-06       2.270892979488e+01 
       4.682672626566e-06       2.292944914732e+01 
       4.729787429175e-06       2.315210982584e+01 
       4.777376278295e-06       2.337693256791e+01 
       4.825443943556e-06       2.360393849917e+01 
       4.873995242576e-06       2.383314892968e+01 
       4.923035041443e-06       2.406458541831e+01 
       4.972568255211e-06       2.429826897794e+01 
       5.022599848381e-06       2.453422160159e+01 
       5.073134835409e-06       2.477246589881e+01 
       5.124178281202e-06       2.501302339108e+01 
       5.175735301627e-06       2.525591677186e+01 
       5.227811064026e-06       2.550116894298e+01 
       5.280410787731e-06       2.574880255611e+01 
       5.333539744589e-06       2.599884108581e+01 
       5.387203259490e-06       2.625130742643e+01 
       5.441406710900e-06       2.650622559523e+01 
       5.496155531402e-06       2.676361909931e+01 
       5.551455208236e-06       2.702351151085e+01 
       5.607311283855e-06       2.728592873358e+01 
       5.663729356476e-06       2.755089363772e+01 
       5.720715080643e-06       2.781843151757e+01 
       5.778274167793e-06       2.808856733108e+01 
       5.836412386828e-06       2.836132646529e+01 
       5.895135564697e-06       2.863673404952e+01 
       5.954449586973e-06       2.891481622009e+01 
       6.014360398449e-06       2.919559864888e+01 
       6.074874003731e-06       2.947910764635e+01 
       6.135996467842e-06       2.976536972865e+01 
       6.197733916826e-06       3.005441164790e+01 
       6.260092538366e-06       3.034626030714e+01 
       6.323078582401e-06       3.064094292303e+01 
       6.386698361755e-06       3.093848711982e+01 
       6.450958252769e-06       3.123892073256e+01 
       6.515864695938e-06       3.154227171342e+01 
       6.581424196561e-06       3.184856845386e+01 
       6.647643325386e-06       3.215783949144e+01 
       6.714528719277e-06       3.247011368134e+01 
       6.782087081872e-06       3.278542043575e+01 
       6.850325184260e-06       3.310378884477e+01 
       6.919249865655e-06       3.342524882633e+01 
       6.988868034086e-06       3.374983037530e+01 
       7.059186667085e-06       3.407756386929e+01 
       7.130212812392e-06       3.440847988015e+01 
       7.201953588655e-06       3.474260924115e+01 
       7.274416186148e-06       3.507998319591e+01 
       7.347607867488e-06       3.542063333064e+01 
       7.421535968368e-06       3.576459126692e+01 
       7.496207898287e-06       3.611188935533e+01 
       7.571631141296e-06       3.646255981086e+01 
       7.647813256745e-06       3.681663555794e+01 
       7.724761880046e-06       3.717414953695e+01 
       7.802484723431e-06       3.753513523487e+01 
       7.880989576732e-06       3.789962631290e+01 
       7.960284308156e-06       3.826765684161e+01 
       8.040376865078e-06       3.863926110258e+01 
       8.121275274834e-06       3.901447393522e+01 
       8.202987645529e-06       3.939333030930e+01 
       8.285522166847e-06       3.977586554625e+01 
       8.368887110873e-06       4.016211541876e+01 
       8.453090832920e-06       4.055211602964e+01 
       8.538141772370e-06       4.094590379073e+01 
       8.624048453518e-06       4.134351542058e+01 
       8.710819486426e-06       4.174498813593e+01 
       8.798463567786e-06       4.215035934388e+01 
       8.886989481792e-06       4.255966693259e+01 
       8.976406101021e-06       4.297294915169e+01 
       9.066722387320e-06       4.339024465044e+01 
       9.157947392708e-06       4.381159212392e+01 
       9.250090260280e-06       4.423703128820e+01 
       9.343160225123e-06       4.466660168037e+01 
       9.437166615246e-06       4.510034338799e+01 
       9.532118852509e-06       4.553829701192e+01 
       9.628026453573e-06       4.598050341775e+01 
       9.724899030849e-06       4.642700388766e+01 
       9.822746293463e-06       4.687784007021e+01 
       9.921578048233e-06       4.733305413799e+01 
       1.002140420064e-05       4.779268850771e+01 
       1.012223475585e-05       4.825678636564e+01 
       1.022407981966e-05       4.872539070502e+01 
       1.032694959959e-05       4.919854559197e+01 
       1.043085440583e-05       4.967629495649e+01 
       1.053580465231e-05       5.015868352838e+01 
       1.064181085777e-05       5.064575636538e+01 
       1.074888364674e-05       5.113755886066e+01 
       1.085703375068e-05       5.163413697083e+01 
       1.096627200901e-05       5.213553726304e+01 
       1.107660937023e-05       5.264180633957e+01 
       1.118805689298e-05       5.315299154164e+01 
       1.130062574716e-05       5.366914061293e+01 
       1.141432721508e-05       5.419030169377e+01 
       1.152917269255e-05       5.471652357787e+01 
       1.164517369006e-05       5.524785533214e+01 
       1.176234183387e-05       5.578434644445e+01 
       1.188068886727e-05       5.632604723240e+01 
       1.200022665167e-05       5.687300819073e+01 
       1.212096716783e-05       5.742528046494e+01 
       1.224292251707e-05       5.798291544047e+01 
       1.236610492245e-05       5.854596542044e+01 
       1.249052673002e-05       5.911448283343e+01 
       1.261620041005e-05       5.968852077466e+01 
       1.274313855828e-05       6.026813290597e+01 
       1.287135389719e-05       6.085337331239e+01 
       1.300085927724e-05       6.144429661873e+01 
       1.313166767822e-05       6.204095809288e+01 
       1.326379221050e-05       6.264341339282e+01 
       1.339724611635e-05       6.325171878732e+01 
       1.353204277130e-05       6.386593107649e+01 
       1.366819568544e-05       6.448610762997e+01 
       1.380571850479e-05       6.511230631760e+01 
       1.394462501270e-05       6.574458565963e+01 
       1.408492913117e-05       6.638300472938e+01 
       1.422664492227e-05       6.702762303464e+01 
       1.436978658960e-05       6.767850083187e+01 
       1.451436847962e-05       6.833569891083e+01 
       1.466040508317e-05       6.899927856817e+01 
       1.480791103687e-05       6.966930187402e+01 
       1.495690112462e-05       7.034583133018e+01 
       1.510739027907e-05       7.102893008773e+01 
       1.525939358310e-05       7.171866199378e+01 
       1.541292627136e-05       7.241509145011e+01 
       1.556800373178e-05       7.311828346254e+01 
       1.572464150712e-05       7.382830361976e+01 
       1.588285529650e-05       7.454521834012e+01 
       1.604266095704e-05       7.526909454017e+01 
       1.620407450536e-05       7.599999977705e+01 
       1.636711211928e-05       7.673800226723e+01 
       1.653179013935e-05       7.748317098666e+01 
       1.669812507055e-05       7.823557550963e+01 
       1.686613358393e-05       7.899528602949e+01 
       1.703583251827e-05       7.976237355049e+01 
       1.720723888177e-05       8.053690964827e+01 
       1.738036985376e-05       8.131896668774e+01 
       1.755524278643e-05       8.210861769668e+01 
       1.773187520655e-05       8.290593636679e+01 
       1.791028481722e-05       8.371099714573e+01 
       1.809048949970e-05       8.452387528207e+01 
       1.827250731514e-05       8.534464648838e+01 
       1.845635650640e-05       8.617338763458e+01 
       1.864205549990e-05       8.701017590652e+01 
       1.882962290748e-05       8.785508954707e+01 
       1.901907752822e-05       8.870820742580e+01 
       1.921043835034e-05       8.956960910474e+01 
       1.940372455313e-05       9.043937523982e+01 
       1.959895550885e-05       9.131758675097e+01 
       1.979615078466e-05       9.220432594022e+01 
       1.999533014462e-05       9.309967528228e+01 
       2.019651355161e-05       9.400371862367e+01 
       2.039972116941e-05       9.491654021317e+01 
       2.060497336465e-05       9.583822532278e+01 
       2.081229070888e-05       9.676886002739e+01 
       2.102169398064e-05       9.770853131543e+01 
       2.123320416753e-05       9.865732669782e+01 
       2.144684246832e-05       9.961533488351e+01 
       2.166263029507e-05       1.005826453010e+02 
       2.188058927528e-05       1.015593482836e+02 
       2.210074125405e-05       1.025455349873e+02 
       2.232310829628e-05       1.035412974523e+02 
       2.254771268887e-05       1.045467289019e+02 
       2.277457694297e-05       1.055619227957e+02 
       2.300372379622e-05       1.065869740842e+02 
       2.323517621504e-05       1.076219784950e+02 
       2.346895739691e-05       1.086670326348e+02 
       2.370509077273e-05       1.097222340863e+02 
       2.394360000915e-05       1.107876813243e+02 
       2.418450901095e-05       1.118634738652e+02 
       2.442784192339e-05       1.129497120929e+02 
       2.467362313471e-05       1.140464974235e+02 
       2.492187727852e-05       1.151539322405e+02 
       2.517262923627e-05       1.162721199167e+02 
       2.542590413977e-05       1.174011648769e+02 
       2.568172737369e-05       1.185411725306e+02 
       2.594012457809e-05       1.196922491832e+02 
       2.620112165105e-05       1.208545024520e+02 
       2.646474475118e-05       1.220280407411e+02 
       2.673102030032e-05       1.232129735900e+02 
       2.699997498612e-05       1.244094116546e+02 
       2.727163576477e-05       1.256174665768e+02 
       2.754602986369e-05       1.268372511376e+02 
       2.782318478422e-05       1.280688792047e+02 
       2.810312830442e-05       1.293124656561e+02 
       2.838588848186e-05       1.305681267840e+02 
       2.867149365637e-05       1.318359795376e+02 
       2.895997245296e-05       1.331161424455e+02 
       2.925135378462e-05       1.344087349554e+02 
       2.954566685528e-05       1.357138776706e+02 
       2.984294116268e-05       1.370316925104e+02 
       3.014320650136e-05       1.383623023459e+02 
       3.044649296564e-05       1.397058314260e+02 
       3.075283095265e-05       1.410624051143e+02 
       3.106225116532e-05       1.424321500640e+02 
       3.137478461554e-05       1.438151941269e+02 
       3.169046262721e-05       1.452116663595e+02 
       3.200931683940e-05       1.466216971170e+02 
       3.233137920950e-05       1.480454179699e+02 
       3.265668201647e-05       1.494829617953e+02 
       3.298525786402e-05       1.509344626619e+02 
       3.331713968391e-05       1.524000562084e+02 
       3.365236073925e-05       1.538798791633e+02 
       3.399095462783e-05       1.553740695482e+02 
       3.433295528546e-05       1.568827668537e+02 
       3.467839698943e-05       1.584061118726e+02 
       3.502731436189e-05       1.599442467267e+02 
       3.537974237335e-05       1.614973149995e+02 
       3.573571634617e-05       1.630654615743e+02 
       3.609527195810e-05       1.646488327837e+02 
       3.645844524589e-05       1.662475764008e+02 
       3.682527260884e-05       1.678618415893e+02 
       3.719579081252e-05       1.694917789285e+02 
       3.757003699237e-05       1.711375405474e+02 
       3.794804865752e-05       1.727992800446e+02 
       3.832986369446e-05       1.744771523934e+02 
       3.871552037090e-05       1.761713141995e+02 
       3.910505733955e-05       1.778819234507e+02 
       3.949851364207e-05       1.796091398660e+02 
       3.989592871291e-05       1.813531244181e+02 
       4.029734238329e-05       1.831140399833e+02 
       4.070279488520e-05       1.848920507303e+02 
       4.111232685542e-05       1.866873225834e+02 
       4.152597933960e-05       1.885000229749e+02 
       4.194379379637e-05       1.903303210291e+02 
       4.236581210151e-05       1.921783875315e+02 
       4.279207655212e-05       1.940443947603e+02 
       4.322262987086e-05       1.959285168941e+02 
       4.365751521029e-05       1.978309295940e+02 
       4.409677615709e-05       1.997518103638e+02 
       4.454045673654e-05       2.016913383339e+02 
       4.498860141686e-05       2.036496944157e+02 
       4.544125511367e-05       2.056270613149e+02 
       4.589846319455e-05       2.076236233540e+02 
       4.636027148352e-05       2.096395667776e+02 
       4.682672626566e-05       2.116750796230e+02 
       4.729787429175e-05       2.137303516689e+02 
       4.777376278295e-05       2.158055746350e+02 
       4.825443943556e-05       2.179009419904e+02 
       4.873995242575e-05       2.200166491754e+02 
       4.923035041443e-05       2.221528934185e+02 
       4.972568255211e-05       2.243098739685e+02 
       5.022599848381e-05       2.264877919033e+02 
       5.073134835409e-05       2.286868502720e+02 
       5.124178281202e-05       2.309072541686e+02 
       5.175735301627e-05       2.331492105568e+02 
       5.227811064026e-05       2.354129284285e+02 
       5.280410787731e-05       2.376986189226e+02 
       5.333539744589e-05       2.400064950128e+02 
       5.387203259490e-05       2.423367718449e+02 
       5.441406710900e-05       2.446896666960e+02 
       5.496155531402e-05       2.470653988055e+02 
       5.551455208236e-05       2.494641896652e+02 
       5.607311283855e-05       2.518862628406e+02 
       5.663729356476e-05       2.543318440972e+02 
       5.720715080643e-05       2.568011612968e+02 
       5.778274167792e-05       2.592944445896e+02 
       5.836412386828e-05       2.618119263074e+02 
       5.895135564697e-05       2.643538411016e+02 
       5.954449586973e-05       2.669204257561e+02 
       6.014360398449e-05       2.695119194566e+02 
       6.074874003731e-05       2.721285636406e+02 
       6.135996467842e-05       2.747706020947e+02 
       6.197733916826e-05       2.774382809605e+02 
       6.260092538366e-05       2.801318487108e+02 
       6.323078582401e-05       2.828515563929e+02 
       6.386698361755e-05       2.855976571795e+02 
       6.450958252769e-05       2.883704069932e+02 
       6.515864695938e-05       2.911700640257e+02 
       6.581424196561e-05       2.939968890228e+02 
       6.647643325386e-05       2.968511452310e+02 
       6.714528719277e-05       2.997330983801e+02 
       6.782087081872e-05       3.026430170593e+02 
       6.850325184260e-05       3.055811719368e+02 
       6.919249865655e-05       3.085478367634e+02 
       6.988868034086e-05       3.115432877907e+02 
       7.059186667085e-05       3.145678036619e+02 
       7.130212812392e-05       3.176216660606e+02 
       7.201953588655e-05       3.207051593120e+02 
       7.274416186148e-05       3.238185703144e+02 
       7.347607867488e-05       3.269621888475e+02 
       7.421535968368e-05       3.301363075491e+02 
       7.496207898287e-05       3.333412217128e+02 
       7.571631141296e-05       3.365772296311e+02 
       7.647813256745e-05       3.398446322921e+02 
       7.724761880046e-05       3.431437338560e+02 
       7.802484723431e-05       3.464748410783e+02 
       7.880989576732e-05       3.498382639633e+02 
       7.960284308156e-05       3.532343152469e+02 
       8.040376865078e-05       3.566633108554e+02 
       8.121275274834e-05       3.601255697548e+02 
       8.202987645529e-05       3.636214138330e+02 
       8.285522166847e-05       3.671511680810e+02 
       8.368887110873e-05       3.707151608031e+02 
       8.453090832920e-05       3.743137233306e+02 
       8.538141772370e-05       3.779471901250e+02 
       8.624048453518e-05       3.816158989996e+02 
       8.710819486426e-05       3.853201908578e+02 
       8.798463567786e-05       3.890604099949e+02 
       8.886989481792e-05       3.928369040732e+02 
       8.976406101021e-05       3.966500237652e+02 
       9.066722387320e-05       4.005001235146e+02 
       9.157947392708e-05       4.043875609501e+02 
       9.250090260280e-05       4.083126971556e+02 
       9.343160225123e-05       4.122758966220e+02 
       9.437166615246e-05       4.162775275627e+02 
       9.532118852509e-05       4.203179613186e+02 
       9.628026453573e-05       4.243975731845e+02 
       9.724899030848e-05       4.285167419435e+02 
       9.822746293463e-05       4.326758497979e+02 
       9.921578048232e-05       4.368752828311e+02 
       1.002140420064e-04       4.411154307296e+02 
       1.012223475585e-04       4.453966870117e+02 
       1.022407981966e-04       4.497194488464e+02 
       1.032694959959e-04       4.540841170940e+02 
       1.043085440583e-04       4.584910967799e+02 
       1.053580465231e-04       4.629407966038e+02 
       1.064181085777e-04       4.674336290048e+02 
       1.074888364674e-04       4.719700107007e+02 
       1.085703375068e-04       4.765503620150e+02 
       1.096627200901e-04       4.811751077271e+02 
       1.107660937023e-04       4.858446762522e+02 
       1.118805689298e-04       4.905595004338e+02 
       1.130062574716e-04       4.953200168178e+02 
       1.141432721508e-04       5.001266665881e+02 
       1.152917269255e-04       5.049798947173e+02 
       1.164517369006e-04       5.098801507278e+02 
       1.176234183387e-04       5.148278882823e+02 
       1.188068886727e-04       5.198235653807e+02 
       1.200022665167e-04       5.248676443435e+02 
       1.212096716783e-04       5.299605919684e+02 
       1.224292251707e-04       5.351028794021e+02 
       1.236610492245e-04       5.402949822064e+02 
       1.249052673002e-04       5.455373807832e+02 
       1.261620041005e-04       5.508305596558e+02 
       1.274313855828e-04       5.561750082116e+02 
       1.287135389719e-04       5.615712204507e+02 
       1.300085927724e-04       5.670196949819e+02 
       1.313166767822e-04       5.725209352390e+02 
       1.326379221050e-04       5.780754493427e+02 
       1.339724611635e-04       5.836837502977e+02 
       1.353204277130e-04       5.893463556623e+02 
       1.366819568544e-04       5.950637884832e+02 
       1.380571850479e-04       6.008365760304e+02 
       1.394462501270e-04       6.066652512315e+02 
       1.408492913117e-04       6.125503515838e+02 
       1.422664492227e-04       6.184924198313e+02 
       1.436978658960e-04       6.244920038168e+02 
       1.451436847962e-04       6.305496565088e+02 
       1.466040508317e-04       6.366659361347e+02 
       1.480791103687e-04       6.428414061522e+02 
       1.495690112462e-04       6.490766352719e+02 
       1.510739027907e-04       6.553721976732e+02 
       1.525939358310e-04       6.617286728735e+02 
       1.541292627136e-04       6.681466457070e+02 
       1.556800373178e-04       6.746267066530e+02 
       1.572464150712e-04       6.811694516243e+02 
       1.588285529650e-04       6.877754822197e+02 
       1.604266095704e-04       6.944454055612e+02 
       1.620407450536e-04       7.011798346300e+02 
       1.636711211928e-04       7.079793878327e+02 
       1.653179013935e-04       7.148446897333e+02 
       1.669812507055e-04       7.217763702214e+02 
       1.686613358393e-04       7.287750657603e+02 
       1.703583251827e-04       7.358414179393e+02 
       1.720723888177e-04       7.429760750563e+02 
       1.738036985376e-04       7.501796909893e+02 
       1.755524278643e-04       7.574529257536e+02 
       1.773187520654e-04       7.647964456463e+02 
       1.791028481722e-04       7.722109230807e+02 
       1.809048949970e-04       7.796970368672e+02 
       1.827250731514e-04       7.872554714092e+02 
       1.845635650640e-04       7.948869183985e+02 
       1.864205549990e-04       8.025920754918e+02 
       1.882962290748e-04       8.103716467478e+02 
       1.901907752822e-04       8.182263426507e+02 
       1.921043835034e-04       8.261568803419e+02 
       1.940372455313e-04       8.341639837151e+02 
       1.959895550885e-04       8.422483833449e+02 
       1.979615078466e-04       8.504108159440e+02 
       1.999533014461e-04       8.586520258284e+02 
       2.019651355161e-04       8.669727635138e+02 
       2.039972116941e-04       8.753737867395e+02 
       2.060497336465e-04       8.838558597667e+02 
       2.081229070888e-04       8.924197548028e+02 
       2.102169398064e-04       9.010662496955e+02 
       2.123320416753e-04       9.097961305215e+02 
       2.144684246832e-04       9.186101902078e+02 
       2.166263029507e-04       9.275092283128e+02 
       2.188058927528e-04       9.364940527907e+02 
       2.210074125405e-04       9.455654781238e+02 
       2.232310829628e-04       9.547243262347e+02 
       2.254771268887e-04       9.639714269545e+02 
       2.277457694297e-04       9.733076170538e+02 
       2.300372379622e-04       9.827337408625e+02 
       2.323517621504e-04       9.922506508147e+02 
       2.346895739691e-04       1.001859207019e+03 
       2.370509077273e-04       1.011560276662e+03 
       2.394360000915e-04       1.021354735361e+03 
       2.418450901094e-04       1.031243466342e+03 
       2.442784192339e-04       1.041227360706e+03 
       2.467362313471e-04       1.051307317391e+03 
       2.492187727852e-04       1.061484243830e+03 
       2.517262923627e-04       1.071759055357e+03 
       2.542590413977e-04       1.082132675080e+03 
       2.568172737369e-04       1.092606034551e+03 
       2.594012457809e-04       1.103180073780e+03 
       2.620112165105e-04       1.113855740878e+03 
       2.646474475118e-04       1.124633992302e+03 
       2.673102030032e-04       1.135515793289e+03 
       2.699997498612e-04       1.146502117337e+03 
       2.727163576477e-04       1.157593946068e+03 
       2.754602986369e-04       1.168792270763e+03 
       2.782318478422e-04       1.180098090491e+03 
       2.810312830442e-04       1.191512413420e+03 
       2.838588848186e-04       1.203036256377e+03 
       2.867149365637e-04       1.214670645067e+03 
       2.895997245296e-04       1.226416614586e+03 
       2.925135378462e-04       1.238275208138e+03 
       2.954566685528e-04       1.250247478889e+03 
       2.984294116268e-04       1.262334488295e+03 
       3.014320650136e-04       1.274537307543e+03 
       3.044649296564e-04       1.286857016760e+03 
       3.075283095264e-04       1.299294705562e+03 
       3.106225116532e-04       1.311851472460e+03 
       3.137478461554e-04       1.324528426100e+03 
       3.169046262721e-04       1.337326683640e+03 
       3.200931683940e-04       1.350247372794e+03 
       3.233137920950e-04       1.363291630040e+03 
       3.265668201647e-04       1.376460602023e+03 
       3.298525786402e-04       1.389755444823e+03 
       3.331713968391e-04       1.403177323908e+03 
       3.365236073925e-04       1.416727415193e+03 
       3.399095462783e-04       1.430406904200e+03 
       3.433295528546e-04       1.444216986619e+03 
       3.467839698943e-04       1.458158867598e+03 
       3.502731436189e-04       1.472233762706e+03 
       3.537974237335e-04       1.486442897556e+03 
       3.573571634617e-04       1.500787507692e+03 
       3.609527195810e-04       1.515268839393e+03 
       3.645844524589e-04       1.529888148507e+03 
       3.682527260884e-04       1.544646702210e+03 
       3.719579081252e-04       1.559545776821e+03 
       3.757003699237e-04       1.574586659979e+03 
       3.794804865752e-04       1.589770649242e+03 
       3.832986369446e-04       1.605099053274e+03 
       3.871552037089e-04       1.620573191409e+03 
       3.910505733955e-04       1.636194392625e+03 
       3.949851364207e-04       1.651963997700e+03 
       3.989592871291e-04       1.667883357579e+03 
       4.029734238329e-04       1.683953834278e+03 
       4.070279488520e-04       1.700176800534e+03 
       4.111232685541e-04       1.716553640225e+03 
       4.152597933960e-04       1.733085747667e+03 
       4.194379379637e-04       1.749774529033e+03 
       4.236581210151e-04       1.766621401104e+03 
       4.279207655212e-04       1.783627791190e+03 
       4.322262987086e-04       1.800795138614e+03 
       4.365751521028e-04       1.818124894486e+03 
       4.409677615709e-04       1.835618519046e+03 
       4.454045673654e-04       1.853277485810e+03 
       4.498860141686e-04       1.871103278761e+03 
       4.544125511367e-04       1.889097393859e+03 
       4.589846319455e-04       1.907261337619e+03 
       4.636027148352e-04       1.925596629282e+03 
       4.682672626566e-04       1.944104798580e+03 
       4.729787429175e-04       1.962787387454e+03 
       4.777376278295e-04       1.981645948869e+03 
       4.825443943556e-04       2.000682047360e+03 
       4.873995242575e-04       2.019897260336e+03 
       4.923035041443e-04       2.039293176268e+03 
       4.972568255211e-04       2.058871395051e+03 
       5.022599848381e-04       2.078633528465e+03 
       5.073134835409e-04       2.098581200854e+03 
       5.124178281202e-04       2.118716047413e+03 
       5.175735301627e-04       2.139039716759e+03 
       5.227811064026e-04       2.159553867376e+03 
       5.280410787731e-04       2.180260172256e+03 
       5.333539744589e-04       2.201160314088e+03 
       5.387203259490e-04       2.222255988942e+03 
       5.441406710900e-04       2.243548904871e+03 
       5.496155531402e-04       2.265040781134e+03 
       5.551455208236e-04       2.286733350558e+03 
       5.607311283855e-04       2.308628356694e+03 
       5.663729356476e-04       2.330727557376e+03 
       5.720715080643e-04       2.353032718690e+03 
       5.778274167792e-04       2.375545624163e+03 
       5.836412386828e-04       2.398268065450e+03 
       5.895135564697e-04       2.421201848673e+03 
       5.954449586973e-04       2.444348790753e+03 
       6.014360398449e-04       2.467710722229e+03 
       6.074874003731e-04       2.491289484946e+03 
       6.135996467842e-04       2.515086933400e+03 
       6.197733916826e-04       2.539104935083e+03 
       6.260092538366e-04       2.563345369778e+03 
       6.323078582401e-04       2.587810126897e+03 
       6.386698361755e-04       2.612501111909e+03 
       6.450958252769e-04       2.637420241083e+03 
       6.515864695938e-04       2.662569442341e+03 
       6.581424196561e-04       2.687950656569e+03 
       6.647643325386e-04       2.713565836890e+03 
       6.714528719277e-04       2.739416948647e+03 
       6.782087081872e-04       2.765505969828e+03 
       6.850325184260e-04       2.791834890028e+03 
       6.919249865655e-04       2.818405711372e+03 
       6.988868034085e-04       2.845220447772e+03 
       7.059186667085e-04       2.872281126356e+03 
       7.130212812392e-04       2.899589784841e+03 
       7.201953588655e-04       2.927148474754e+03 
       7.274416186148e-04       2.954959257973e+03 
       7.347607867488e-04       2.983024209809e+03 
       7.421535968368e-04       3.011345416615e+03 
       7.496207898287e-04       3.039924976597e+03 
       7.571631141296e-04       3.068764999109e+03 
       7.647813256745e-04       3.097867608671e+03 
       7.724761880046e-04       3.127234935905e+03 
       7.802484723431e-04       3.156869127290e+03 
       7.880989576732e-04       3.186772340462e+03 
       7.960284308156e-04       3.216946741847e+03 
       8.040376865077e-04       3.247394512482e+03 
       8.121275274834e-04       3.278117840696e+03 
       8.202987645529e-04       3.309118930333e+03 
       8.285522166847e-04       3.340399993887e+03 
       8.368887110872e-04       3.371963253617e+03 
       8.453090832920e-04       3.403810945031e+03 
       8.538141772370e-04       3.435945311717e+03 
       8.624048453518e-04       3.468368610439e+03 
       8.710819486426e-04       3.501083105981e+03 
       8.798463567786e-04       3.534091074393e+03 
       8.886989481792e-04       3.567394801103e+03 
       8.976406101021e-04       3.600996582119e+03 
       9.066722387320e-04       3.634898722212e+03 
       9.157947392708e-04       3.669103535565e+03 
       9.250090260279e-04       3.703613347586e+03 
       9.343160225123e-04       3.738430488600e+03 
       9.437166615246e-04       3.773557302764e+03 
       9.532118852509e-04       3.808996140209e+03 
       9.628026453573e-04       3.844749358632e+03 
       9.724899030848e-04       3.880819325437e+03 
       9.822746293463e-04       3.917208415601e+03 
       9.921578048232e-04       3.953919010580e+03 
       1.002140420064e-03       3.990953503724e+03 
       1.012223475585e-03       4.028314287743e+03 
       1.022407981966e-03       4.066003767442e+03 
       1.032694959959e-03       4.104024357042e+03 
       1.043085440583e-03       4.142378469926e+03 
       1.053580465231e-03       4.181068530184e+03 
       1.064181085777e-03       4.220096967315e+03 
       1.074888364674e-03       4.259466214867e+03 
       1.085703375068e-03       4.299178709015e+03 
       1.096627200901e-03       4.339236896231e+03 
       1.107660937023e-03       4.379643228524e+03 
       1.118805689298e-03       4.420400154701e+03 
       1.130062574716e-03       4.461510131628e+03 
       1.141432721508e-03       4.502975616027e+03 
       1.152917269255e-03       4.544799075390e+03 
       1.164517369006e-03       4.586982975051e+03 
       1.176234183387e-03       4.629529780272e+03 
       1.188068886727e-03       4.672441962012e+03 
       1.200022665167e-03       4.715721993053e+03 
       1.212096716783e-03       4.759372344391e+03 
       1.224292251707e-03       4.803395487802e+03 
       1.236610492245e-03       4.847793900518e+03 
       1.249052673002e-03       4.892570055352e+03 
       1.261620041005e-03       4.937726422523e+03 
       1.274313855828e-03       4.983265478539e+03 
       1.287135389719e-03       5.029189692223e+03 
       1.300085927724e-03       5.075501531733e+03 
       1.313166767822e-03       5.122203465616e+03 
       1.326379221050e-03       5.169297957849e+03 
       1.339724611635e-03       5.216787465481e+03 
       1.353204277130e-03       5.264674450295e+03 
       1.366819568544e-03       5.312961361214e+03 
       1.380571850479e-03       5.361650648535e+03 
       1.394462501270e-03       5.410744751468e+03 
       1.408492913117e-03       5.460246111315e+03 
       1.422664492227e-03       5.510157154371e+03 
       1.436978658960e-03       5.560480303015e+03 
       1.451436847962e-03       5.611217975630e+03 
       1.466040508317e-03       5.662372573512e+03 
       1.480791103687e-03       5.713946499897e+03 
       1.495690112462e-03       5.765942140693e+03 
       1.510739027907e-03       5.818361870463e+03 
       1.525939358310e-03       5.871208064762e+03 
       1.541292627136e-03       5.924483068771e+03 
       1.556800373178e-03       5.978189225509e+03 
       1.572464150711e-03       6.032328868674e+03 
       1.588285529650e-03       6.086904313061e+03 
       1.604266095704e-03       6.141917861180e+03 
       1.620407450536e-03       6.197371789295e+03 
       1.636711211928e-03       6.253268374139e+03 
       1.653179013935e-03       6.309609857488e+03 
       1.669812507055e-03       6.366398481544e+03 
       1.686613358393e-03       6.423636453711e+03 
       1.703583251827e-03       6.481325977335e+03 
       1.720723888177e-03       6.539469207126e+03 
       1.738036985376e-03       6.598068310560e+03 
       1.755524278643e-03       6.657125414564e+03 
       1.773187520654e-03       6.716642611979e+03 
       1.791028481722e-03       6.776621997675e+03 
       1.809048949970e-03       6.837065626525e+03 
       1.827250731514e-03       6.897975507009e+03 
       1.845635650640e-03       6.959353666462e+03 
       1.864205549990e-03       7.021202062183e+03 
       1.882962290748e-03       7.083522644462e+03 
       1.901907752822e-03       7.146317327878e+03 
       1.921043835034e-03       7.209587987935e+03 
       1.940372455313e-03       7.273336480026e+03 
       1.959895550885e-03       7.337564619572e+03 
       1.979615078466e-03       7.402274188580e+03 
       1.999533014461e-03       7.467466930933e+03 
       2.019651355161e-03       7.533144561091e+03 
       2.039972116941e-03       7.599308750519e+03 
       2.060497336465e-03       7.665961134414e+03 
       2.081229070887e-03       7.733103303655e+03 
       2.102169398064e-03       7.800736815218e+03 
       2.123320416753e-03       7.868863177492e+03 
       2.144684246832e-03       7.937483862853e+03 
       2.166263029507e-03       8.006600292339e+03 
       2.188058927528e-03       8.076213843930e+03 
       2.210074125405e-03       8.146325849804e+03 
       2.232310829628e-03       8.216937589408e+03 
       2.254771268887e-03       8.288050298427e+03 
       2.277457694297e-03       8.359665161328e+03 
       2.300372379622e-03       8.431783305350e+03 
       2.323517621503e-03       8.504405808443e+03 
       2.346895739691e-03       8.577533685886e+03 
       2.370509077273e-03       8.651167909306e+03 
       2.394360000915e-03       8.725309191800e+03 
       2.418450901094e-03       8.799957761392e+03 
       2.442784192339e-03       8.875115174790e+03 
       2.467362313471e-03       8.950782161736e+03 
       2.492187727852e-03       9.026959373501e+03 
       2.517262923627e-03       9.103647409013e+03 
       2.542590413977e-03       9.180846793095e+03 
       2.568172737368e-03       9.258557983269e+03 
       2.594012457809e-03       9.336781373925e+03 
       2.620112165105e-03       9.415517273672e+03 
       2.646474475118e-03       9.494765928787e+03 
       2.673102030032e-03       9.574527514610e+03 
       2.699997498612e-03       9.654802121038e+03 
       2.727163576477e-03       9.735589760993e+03 
       2.754602986368e-03       9.816890372611e+03 
       2.782318478422e-03       9.898703820618e+03 
       2.810312830442e-03       9.981029832891e+03 
       2.838588848186e-03       1.006386815421e+04 
       2.867149365637e-03       1.014721835078e+04 
       2.895997245296e-03       1.023107993833e+04 
       2.925135378462e-03       1.031545234012e+04 
       2.954566685528e-03       1.040033488114e+04 
       2.984294116268e-03       1.048572679180e+04 
       3.014320650136e-03       1.057162721294e+04 
       3.044649296564e-03       1.065803517508e+04 
       3.075283095264e-03       1.074494961917e+04 
       3.106225116532e-03       1.083236937416e+04 
       3.137478461554e-03       1.092029316795e+04 
       3.169046262721e-03       1.100871962155e+04 
       3.200931683940e-03       1.109764724858e+04 
       3.233137920950e-03       1.118707444646e+04 
       3.265668201647e-03       1.127699949876e+04 
       3.298525786402e-03       1.136742057774e+04 
       3.331713968391e-03       1.145833573408e+04 
       3.365236073925e-03       1.154974290422e+04 
       3.399095462783e-03       1.164163989176e+04 
       3.433295528546e-03       1.173402438918e+04 
       3.467839698943e-03       1.182689395387e+04 
       3.502731436189e-03       1.192024601494e+04 
       3.537974237335e-03       1.201407787947e+04 
       3.573571634617e-03       1.210838669937e+04 
       3.609527195810e-03       1.220316951805e+04 
       3.645844524589e-03       1.229842322793e+04 
       3.682527260884e-03       1.239414457495e+04 
       3.719579081252e-03       1.249033016722e+04 
       3.757003699237e-03       1.258697648682e+04 
       3.794804865752e-03       1.268407984547e+04 
       3.832986369446e-03       1.278163640890e+04 
       3.871552037089e-03       1.287964219140e+04 
       3.910505733955e-03       1.297809309041e+04 
       3.949851364207e-03       1.307698479215e+04 
       3.989592871291e-03       1.317631286084e+04 
       4.029734238329e-03       1.327607268732e+04 
       4.070279488520e-03       1.337625951721e+04 
       4.111232685541e-03       1.347686843035e+04 
       4.152597933959e-03       1.357789431869e+04 
       4.194379379637e-03       1.367933194894e+04 
       4.236581210151e-03       1.378117586567e+04 
       4.279207655211e-03       1.388342048197e+04 
       4.322262987086e-03       1.398606002736e+04 
       4.365751521028e-03       1.408908855008e+04 
       4.409677615709e-03       1.419249991615e+04 
       4.454045673654e-03       1.429628781352e+04 
       4.498860141686e-03       1.440044577032e+04 
       4.544125511367e-03       1.450496707509e+04 
       4.589846319455e-03       1.460984487002e+04 
       4.636027148352e-03       1.471507211143e+04 
       4.682672626566e-03       1.482064151959e+04 
       4.729787429175e-03       1.492654471303e+04 
       4.777376278295e-03       1.503277411822e+04 
       4.825443943556e-03       1.513932079771e+04 
       4.873995242575e-03       1.524618346913e+04 
       4.923035041443e-03       1.535334803507e+04 
       4.972568255211e-03       1.546080711715e+04 
       5.022599848381e-03       1.556855251477e+04 
       5.073134835409e-03       1.567657465732e+04 
       5.124178281202e-03       1.578486423647e+04 
       5.175735301627e-03       1.589341226739e+04 
       5.227811064026e-03       1.600220901267e+04 
       5.280410787731e-03       1.611124388008e+04 
       5.333539744589e-03       1.622050904110e+04 
       5.387203259490e-03       1.632999159971e+04 
       5.441406710900e-03       1.643968226999e+04 
       5.496155531402e-03       1.654957010553e+04 
       5.551455208236e-03       1.665964399189e+04 
       5.607311283855e-03       1.676989267659e+04 
       5.663729356476e-03       1.688030477548e+04 
       5.720715080643e-03       1.699086845741e+04 
       5.778274167792e-03       1.710157163892e+04 
       5.836412386828e-03       1.721240204121e+04 
       5.895135564696e-03       1.732334706492e+04 
       5.954449586972e-03       1.743439395948e+04 
       6.014360398449e-03       1.754552964919e+04 
       6.074874003731e-03       1.765674074974e+04 
       6.135996467842e-03       1.776801372118e+04 
       6.197733916826e-03       1.787933473026e+04 
       6.260092538366e-03       1.799068961528e+04 
       6.323078582401e-03       1.810206385990e+04 
       6.386698361755e-03       1.821344303076e+04 
       6.450958252769e-03       1.832481198264e+04 
       6.515864695938e-03       1.843615554894e+04 
       6.581424196560e-03       1.854745829437e+04 
       6.647643325386e-03       1.865870429046e+04 
       6.714528719277e-03       1.876987781877e+04 
       6.782087081872e-03       1.888096203242e+04 
       6.850325184260e-03       1.899194046578e+04 
       6.919249865655e-03       1.910279619449e+04 
       6.988868034085e-03       1.921351194679e+04 
       7.059186667085e-03       1.932407017552e+04 
       7.130212812392e-03       1.943445295588e+04 
       7.201953588655e-03       1.954464222510e+04 
       7.274416186148e-03       1.965461942331e+04 
       7.347607867488e-03       1.976436567173e+04 
       7.421535968368e-03       1.987386186405e+04 
       7.496207898287e-03       1.998308854990e+04 
       7.571631141295e-03       2.009202592669e+04 
       7.647813256745e-03       2.020065391718e+04 
       7.724761880046e-03       2.030895200642e+04 
       7.802484723431e-03       2.041689952667e+04 
       7.880989576731e-03       2.052447536737e+04 
       7.960284308156e-03       2.063165803864e+04 
       8.040376865077e-03       2.073842590654e+04 
       8.121275274834e-03       2.084475680327e+04 
       8.202987645529e-03       2.095062846717e+04 
       8.285522166847e-03       2.105601812611e+04 
       8.368887110872e-03       2.116090281342e+04 
       8.453090832919e-03       2.126525903328e+04 
       8.538141772370e-03       2.136906337989e+04 
       8.624048453518e-03       2.147229172110e+04 
       8.710819486426e-03       2.157491978923e+04 
       8.798463567786e-03       2.167692295756e+04 
       8.886989481792e-03       2.177827620963e+04 
       8.976406101021e-03       2.187895427884e+04 
       9.066722387320e-03       2.197893150933e+04 
       9.157947392708e-03       2.207818200791e+04 
       9.250090260279e-03       2.217667951811e+04 
       9.343160225123e-03       2.227439699158e+04 
       9.437166615245e-03       2.237130784084e+04 
       9.532118852509e-03       2.246738452222e+04 
       9.628026453573e-03       2.256259933797e+04 
       9.724899030848e-03       2.265692419940e+04 
       9.822746293463e-03       2.275033076856e+04 
       9.921578048232e-03       2.284279205565e+04 
       1.002140420064e-02       2.293427899380e+04 
       1.012223475585e-02       2.302476099886e+04 
       1.022407981966e-02       2.311420815955e+04 
       1.032694959959e-02       2.320259041030e+04 
       1.043085440583e-02       2.328987740996e+04 
       1.053580465231e-02       2.337603885077e+04 
       1.064181085777e-02       2.346104388700e+04 
       1.074888364674e-02       2.354486140547e+04 
       1.085703375068e-02       2.362746010209e+04 
       1.096627200901e-02       2.370880835645e+04 
       1.107660937023e-02       2.378887453775e+04 
       1.118805689298e-02       2.386762618156e+04 
       1.130062574716e-02       2.394503125915e+04 
       1.141432721508e-02       2.402105663116e+04 
       1.152917269255e-02       2.409566966064e+04 
       1.164517369006e-02       2.416883679746e+04 
       1.176234183387e-02       2.424052426712e+04 
       1.188068886727e-02       2.431069878813e+04 
       1.200022665167e-02       2.437932594458e+04 
       1.212096716783e-02       2.444637138575e+04 
       1.224292251707e-02       2.451180047857e+04 
       1.236610492245e-02       2.457557906449e+04 
       1.249052673002e-02       2.463767218415e+04 
       1.261620041005e-02       2.469804519938e+04 
       1.274313855828e-02       2.475666328387e+04 
       1.287135389719e-02       2.481349120730e+04 
       1.300085927724e-02       2.486849529952e+04 
       1.313166767822e-02       2.492164070932e+04 
       1.326379221050e-02       2.497289263336e+04 
       1.339724611635e-02       2.502221672409e+04 
       1.353204277130e-02       2.506957836671e+04 
       1.366819568544e-02       2.511494162694e+04 
       1.380571850480e-02       2.515826906709e+04 
       1.394462501270e-02       2.519952380998e+04 
       1.408492913117e-02       2.523867076916e+04 
       1.422664492228e-02       2.527567508644e+04 
       1.436978658961e-02       2.531050199333e+04 
       1.451436847963e-02       2.534311723835e+04 
       1.466040508319e-02       2.537348579544e+04 
       1.480791103690e-02       2.540157361924e+04 
       1.495690112467e-02       2.542734611114e+04 
       1.510739027914e-02       2.545076994091e+04 
       1.525939358320e-02       2.547180993524e+04 
       1.541292627151e-02       2.549043319794e+04 
       1.556800373199e-02       2.550660764603e+04 
       1.572464150741e-02       2.552029914029e+04 
       1.588285529693e-02       2.553147612034e+04 
       1.604266095765e-02       2.554010637522e+04 
       1.620407450624e-02       2.554615872637e+04 
       1.636711212052e-02       2.554960202982e+04 
       1.653179014110e-02       2.555040638754e+04 
       1.669812507302e-02       2.554854229338e+04 
       1.686613358740e-02       2.554398039427e+04 
       1.703583252311e-02       2.553669232387e+04 
       1.720723888851e-02       2.552665104529e+04 
       1.738036986311e-02       2.551382963592e+04 
       1.755524279934e-02       2.549820220929e+04 
       1.773187522431e-02       2.547974367205e+04 
       1.791028484158e-02       2.545843057577e+04 
       1.809048953298e-02       2.543423993553e+04 
       1.827250736044e-02       2.540714867895e+04 
       1.845635656784e-02       2.537713717059e+04 
       1.864205558295e-02       2.534418554725e+04 
       1.882962301934e-02       2.530827513611e+04 
       1.901907767835e-02       2.526938906082e+04 
       1.921043855115e-02       2.522751158512e+04 
       1.940372482080e-02       2.518262805462e+04 
       1.959895586443e-02       2.513472583502e+04 
       1.979615125544e-02       2.508379338247e+04 
       1.999533076583e-02       2.502982049544e+04 
       2.019651436863e-02       2.497279933373e+04 
       2.039972224043e-02       2.491272325050e+04 
       2.060497476408e-02       2.484958811694e+04 
       2.081229253154e-02       2.478339015934e+04 
       2.102169634698e-02       2.471412938584e+04 
       2.123320723000e-02       2.464180591409e+04 
       2.144684641933e-02       2.456642251988e+04 
       2.166263537660e-02       2.448798481212e+04 
       2.188059579075e-02       2.440649965920e+04 
       2.210074958269e-02       2.432197603383e+04 
       2.232311891058e-02       2.423442672924e+04 
       2.254772617572e-02       2.414386451047e+04 
       2.277459402909e-02       2.405030539010e+04 
       2.300374537876e-02       2.395376905760e+04 
       2.323520339820e-02       2.385427526660e+04 
       2.346899153568e-02       2.375184843124e+04 
       2.370513352494e-02       2.364651481645e+04 
       2.394365339716e-02       2.353830315710e+04 
       2.418457549469e-02       2.342724391047e+04 
       2.442792448646e-02       2.331337189272e+04 
       2.467372538550e-02       2.319672387571e+04 
       2.492200356876e-02       2.307733826459e+04 
       2.517278479955e-02       2.295525828027e+04 
       2.542609525278e-02       2.283052900153e+04 
       2.568196154359e-02       2.270319684880e+04 
       2.594041075940e-02       2.257331311625e+04 
       2.620147049601e-02       2.244093157460e+04 
       2.646516889808e-02       2.230610687569e+04 
       2.673153470439e-02       2.216889838233e+04 
       2.700059729838e-02       2.202936760048e+04 
       2.727238676443e-02       2.188757933175e+04 
       2.754693395040e-02       2.174359837574e+04 
       2.782427053699e-02       2.159749589694e+04 
       2.810442911434e-02       2.144934350883e+04 
       2.838744326668e-02       2.129921533390e+04 
       2.867334766530e-02       2.114718875777e+04 
       2.896217817081e-02       2.099334150797e+04 
       2.925397194491e-02       2.083775617029e+04 
       2.954876757267e-02       2.068051620164e+04 
       2.984660519574e-02       2.052170773433e+04 
       3.014752665716e-02       2.036141699431e+04 
       3.045157565856e-02       2.019973376066e+04 
       3.075879793027e-02       2.003674948621e+04 
       3.106924141517e-02       1.987255576763e+04 
       3.138295646680e-02       1.970724786573e+04 
       3.169999606268e-02       1.954091834290e+04 
       3.202041603328e-02       1.937366659901e+04 
       3.234427530768e-02       1.920558619143e+04 
       3.267163617642e-02       1.903677970402e+04 
       3.300256457260e-02       1.886734218565e+04 
       3.333713037189e-02       1.869737279970e+04 
       3.367540771242e-02       1.852697241433e+04 
       3.401747533557e-02       1.835623766538e+04 
       3.436341694857e-02       1.818527110729e+04 
       3.471332161020e-02       1.801416934390e+04 
       3.506728414066e-02       1.784303233111e+04 
       3.542540555710e-02       1.767195704828e+04 
       3.578779353627e-02       1.750104274492e+04 
       3.615456290590e-02       1.733038616783e+04 
       3.652583616687e-02       1.716008134469e+04 
       3.690174404792e-02       1.699022462706e+04 
       3.728242609561e-02       1.682090926774e+04 
       3.766803130180e-02       1.665222644168e+04 
       3.805871877177e-02       1.648426884736e+04 
       3.845465843611e-02       1.631712507624e+04 
       3.885603181008e-02       1.615088298730e+04 
       3.926303280447e-02       1.598562809906e+04 
       3.967586859239e-02       1.582144620321e+04 
       4.009476053722e-02       1.565841904206e+04 
       4.051994518709e-02       1.549662726054e+04 
       4.095167534221e-02       1.533614949423e+04 
       4.139022120195e-02       1.517706257105e+04 
       4.183587159932e-02       1.501944020233e+04 
       4.228893533116e-02       1.486335436149e+04 
       4.274974259360e-02       1.470887393278e+04 
       4.321864653295e-02       1.455606622743e+04 
       4.369602492346e-02       1.440499459780e+04 
       4.418228198448e-02       1.425571817733e+04 
       4.467785035083e-02       1.410829450662e+04 
       4.518319321153e-02       1.396277581182e+04 
       4.569880663356e-02       1.381921030520e+04 
       4.622522208876e-02       1.367764082645e+04 
       4.676300920390e-02       1.353810295532e+04 
       4.731277875563e-02       1.340062692582e+04 
       4.787518593375e-02       1.326523374872e+04 
       4.845093389851e-02       1.313193457158e+04 
       4.904077765952e-02       1.300073168973e+04 
       4.964552830574e-02       1.287161043077e+04 
       5.026605761813e-02       1.274454341431e+04 
       5.090330309834e-02       1.261948207198e+04 
       5.155827344824e-02       1.249635741753e+04 
       5.223205453627e-02       1.237507517327e+04 
       5.292581588709e-02       1.225550984737e+04 
       5.364081773030e-02       1.213749825079e+04 
       5.437841864279e-02       1.202083693859e+04 
       5.514008381504e-02       1.190527183265e+04 
       5.592739396657e-02       1.179049141314e+04 
       5.674205492638e-02       1.167611631117e+04 
       5.758590788139e-02       1.156168992462e+04 
       5.846094027804e-02       1.144666623011e+04 
       5.936929733749e-02       1.133039762013e+04 
       6.031329411240e-02       1.121212254612e+04 
       6.129542797106e-02       1.109095221588e+04 
       6.231839134035e-02       1.096585850769e+04 
       6.338508447116e-02       1.083566507618e+04 
       6.449862790646e-02       1.069903969910e+04 
       6.566237423150e-02       1.055449461855e+04 
       6.687991856771e-02       1.040039681079e+04 
       6.815510713738e-02       1.023498606381e+04 
       6.949204307969e-02       1.005641645143e+04 
       7.089508854660e-02       9.862814934074e+03 
       7.236886196358e-02       9.652369266314e+03 
       7.391822922335e-02       9.423446502742e+03 
       7.554828751786e-02       9.174745915215e+03 
       7.726434053996e-02       8.905484705634e+03 
       7.907186394207e-02       8.615610187883e+03 
       8.097646026866e-02       8.306023969840e+03 
       8.298380312111e-02       7.978795490488e+03 
       8.509957109031e-02       7.637325340626e+03 
       8.732937299498e-02       7.286420776895e+03 
       8.967866713830e-02       6.932234329649e+03 
       9.215267852974e-02       6.582015297583e+03 
       9.475631914249e-02       6.243665434075e+03 
       9.749411707604e-02       5.925085770298e+03 
       1.003701607503e-01       5.633370687731e+03 
       1.033880637981e-01       5.373914252135e+03 
       1.065509550829e-01       5.149533645504e+03 
       1.098614963252e-01       4.959716006948e+03 
       1.133219274190e-01       4.800126535466e+03 
       1.169341370045e-01       4.662527774226e+03 
       1.206997536412e-01       4.535330606932e+03 
       1.246202513245e-01       4.404975619220e+03 
       1.286970623191e-01       4.258216058273e+03 
       1.329316903628e-01       4.085020673554e+03 
       1.373258181014e-01       3.881366219275e+03 
       1.418814038884e-01       3.650903606989e+03 
       1.466007645586e-01       3.404677863465e+03 
       1.514866422021e-01       3.158717648366e+03 
       1.565422541339e-01       2.930111855743e+03 
       1.617713260883e-01       2.732695456676e+03 
       1.671781091272e-01       2.573547971356e+03 
       1.727673808709e-01       2.451182779806e+03 
       1.785444315025e-01       2.355865014240e+03 
       1.845150346332e-01       2.272676280549e+03 
       1.906854026142e-01       2.184992097412e+03 
       1.970621253259e-01       2.079371264317e+03 
       2.036520909078e-01       1.952964961735e+03 
       2.104623863950e-01       1.814297301238e+03 
       2.175001758514e-01       1.678114313940e+03 
       2.247725534194e-01       1.557908244734e+03 
       2.322863688297e-01       1.461024025068e+03 
       2.400480234378e-01       1.386171310226e+03 
       2.480632359026e-01       1.323492879311e+03 
       2.563367783051e-01       1.260016173388e+03 
       2.648721859322e-01       1.187656887809e+03 
       2.736714471402e-01       1.107066640003e+03 
       2.827346836122e-01       1.026476939569e+03 
       2.920598356809e-01       9.557385299847e+02 
       3.016423717744e-01       8.983276911207e+02 
       3.114750447797e-01       8.501885561143e+02 
       3.215477203521e-01       8.042674562473e+02 
       3.318473020009e-01       7.556562781403e+02 
       3.423577743634e-01       7.055615577613e+02 
       3.530603790530e-01       6.585616762933e+02 
       3.639339270958e-01       6.178836059202e+02 
       3.749552393231e-01       5.830086988236e+02 
       3.860996929322e-01       5.506547813409e+02 
       3.973418409634e-01       5.188161708779e+02 
       4.086560637246e-01       4.876681477119e+02 
       4.200172086342e-01       4.587785213327e+02 
       4.314011779133e-01       4.329588233642e+02 
       4.427854312715e-01       4.098358920569e+02 
       4.541493815644e-01       3.884567861021e+02 
       4.654746733288e-01       3.680629291019e+02 
       4.767453452191e-01       3.487164130234e+02 
       4.879478862907e-01       3.307382776807e+02 
       4.990712020918e-01       3.144033579902e+02 
       5.101065095891e-01       2.994412362395e+02 
       5.210471804710e-01       2.854957944736e+02 
       5.318885510166e-01       2.723244030672e+02 
       5.426277142004e-01       2.599103719046e+02 
       5.532633066504e-01       2.483418278840e+02 
       5.637952999762e-01       2.375747213741e+02 
       5.742248031326e-01       2.275622355783e+02 
       5.845538800705e-01       2.181654412119e+02 
       5.947853849873e-01       2.093019465759e+02 
       6.049228160329e-01       2.009280826785e+02 
       6.149701872792e-01       1.930054829023e+02 
       6.249319180676e-01       1.855502943928e+02 
       6.348127384196e-01       1.785169467105e+02 
       6.446176089739e-01       1.718680335277e+02 
       6.543516538361e-01       1.655685437277e+02 
       6.640201047444e-01       1.595672144362e+02 
       6.736282550418e-01       1.538601466044e+02 
       6.831814220605e-01       1.484244984376e+02 
       6.926849166647e-01       1.432413981117e+02 
       7.021440188378e-01       1.383082217426e+02 
       7.115639583393e-01       1.335927011164e+02 
       7.209498995868e-01       1.290823926540e+02 
       7.303069300376e-01       1.247660565028e+02 
       7.396400514504e-01       1.206205537966e+02 
       7.489541735032e-01       1.166468799601e+02 
       7.582541093237e-01       1.128326940455e+02 
       7.675445725623e-01       1.091633063722e+02 
       7.768301756967e-01       1.056393342918e+02 
       7.861154293105e-01       1.022444854707e+02 
       7.954047421335e-01       9.897169121335e+01 
       8.047024216662e-01       9.582005695499e+01 
       8.140126752470e-01       9.277529961202e+01 
       8.233396114440e-01       8.983709934056e+01 
       8.326872416771e-01       8.700149477468e+01 
       8.420594819960e-01       8.425759478805e+01 
       8.514601549530e-01       8.160737393182e+01 
       8.608929915272e-01       7.904312661900e+01 
       8.703616330617e-01       7.655894104709e+01 
       8.798696331912e-01       7.415685684310e+01 
       8.894204597393e-01       7.182799605032e+01 
       8.990174965756e-01       6.957197039061e+01 
       9.086640454254e-01       6.738760549094e+01 
       9.183633276288e-01       6.526737122673e+01 
       9.281184858522e-01       6.321376319384e+01 
       9.379325857543e-01       6.122159503951e+01 
       9.478086176132e-01       5.928807352340e+01 
       9.577494979225e-01       5.741464729085e+01 
       9.677580709640e-01       5.559487998228e+01 
       9.778371103668e-01       5.383055970533e+01 
       9.879893206624e-01       5.211881269597e+01 
       9.982173388453e-01       5.045663056260e+01 
       1.008523735948e+00       4.884579723729e+01 
       1.018911018638e+00       4.728105574531e+01 
       1.029381630852e+00       4.576424816489e+01 
       1.039937955456e+00       4.429262200381e+01 
       1.050582315966e+00       4.286459799270e+01 
       1.061316978308e+00       4.148113799514e+01 
       1.072144152628e+00       4.013819186127e+01 
       1.083065995171e+00       3.883794710745e+01 
       1.094084610202e+00       3.757678276941e+01 
       1.105202051993e+00       3.635557815010e+01 
       1.116420326856e+00       3.517274546147e+01 
       1.127741395243e+00       3.402714672061e+01 
       1.139167173875e+00       3.291919990203e+01 
       1.150699537927e+00       3.184623946095e+01 
       1.162340323249e+00       3.080979934045e+01 
       1.174091328610e+00       2.980672888336e+01 
       1.185954317977e+00       2.883869783198e+01 
       1.197931022795e+00       2.790281915383e+01 
       1.210023144285e+00       2.700033026708e+01 
       1.222232355736e+00       2.612892228852e+01 
       1.234560304784e+00       2.528935901254e+01 
       1.247008615676e+00       2.447977713813e+01 
       1.259578891503e+00       2.370060469837e+01 
       1.272272716399e+00       2.295030231092e+01 
       1.285091657694e+00       2.222912325311e+01 
       1.298037268022e+00       2.153561535136e+01 
       1.311111087362e+00       2.087007620281e+01 
       1.324314645027e+00       2.023099521194e+01 
       1.337649461577e+00       1.961880386332e+01 
       1.351117050660e+00       1.903183147224e+01 
       1.364718920784e+00       1.847070653869e+01 
       1.378456576998e+00       1.793365435837e+01 
       1.392331522505e+00       1.742133035636e+01 
       1.406345260184e+00       1.693202783934e+01 
       1.420499294032e+00       1.646613863727e+01 
       1.434795130529e+00       1.602245502943e+01 
       1.449234279911e+00       1.560076206023e+01 
       1.463818257376e+00       1.520059627781e+01 
       1.478548584198e+00       1.482093591103e+01 
       1.493426788784e+00       1.446200485900e+01 
       1.508454407639e+00       1.412245545857e+01 
       1.523632986274e+00       1.380242312504e+01 
       1.538964080048e+00       1.350109925508e+01 
       1.554449254938e+00       1.321783050290e+01 
       1.570090088266e+00       1.295260709769e+01 
       1.585888169356e+00       1.270431685530e+01 
       1.601845100150e+00       1.247288239315e+01 
       1.617962495774e+00       1.225778750032e+01 
       1.634241985062e+00       1.205815573441e+01 
       1.650685211038e+00       1.187397586659e+01 
       1.667293831364e+00       1.170448002520e+01 
       1.684069518757e+00       1.154901291699e+01 
       1.701013961376e+00       1.140744415293e+01 
       1.718128863178e+00       1.127899305385e+01 
       1.735415944262e+00       1.116303245767e+01 
       1.752876941179e+00       1.105934568102e+01 
       1.770513607236e+00       1.096721294604e+01 
       1.788327712775e+00       1.088591070076e+01 
       1.806321045444e+00       1.081512365860e+01 
       1.824495410456e+00       1.075426302786e+01 
       1.842852630836e+00       1.070249063065e+01 
       1.861394547659e+00       1.065926283102e+01 
       1.880123020284e+00       1.062407491642e+01 
       1.899039926578e+00       1.059613124623e+01 
       1.918147163142e+00       1.057459347791e+01 
       1.937446645526e+00       1.055881507942e+01 
       1.956940308447e+00       1.054810215904e+01 
       1.976630105997e+00       1.054159119412e+01 
       1.996518011863e+00       1.053834123034e+01 
       2.016606019529e+00       1.053750897670e+01 
       2.036896142495e+00       1.053827312931e+01 
       2.057390414478e+00       1.053971717129e+01 
       2.078090889635e+00       1.054081775764e+01 
       2.098999642762e+00       1.054054877819e+01 
       2.120118769515e+00       1.053790800456e+01 
       2.141450386622e+00       1.053190745055e+01 
       2.162996632096e+00       1.052152245321e+01 
       2.184759665454e+00       1.050569643340e+01 
       2.206741667932e+00       1.048335486253e+01 
       2.228944842710e+00       1.045344203388e+01 
       2.251371415129e+00       1.041493823702e+01 
       2.274023632920e+00       1.036686098782e+01 
       2.296903766425e+00       1.030826825988e+01 
       2.320014108826e+00       1.023827476473e+01 
       2.343356976381e+00       1.015603971911e+01 
       2.366934708648e+00       1.006079366745e+01 
       2.390749668726e+00       9.951869232274e+00 
       2.414804243487e+00       9.828680121939e+00 
       2.439100843822e+00       9.690768573326e+00 
       2.463641904876e+00       9.537786766482e+00 
       2.488429886297e+00       9.369546993476e+00 
       2.513467272478e+00       9.185986192284e+00 
       2.538756572811e+00       8.987221692102e+00 
       2.564300321936e+00       8.773507604785e+00 
       2.590101079994e+00       8.545286862724e+00 
       2.616161432886e+00       8.303155058810e+00 
       2.642483992529e+00       8.047885887878e+00 
       2.669071397124e+00       7.780432439000e+00 
       2.695926311412e+00       7.501886440784e+00 
       2.723051426948e+00       7.213526669594e+00 
       2.750449462366e+00       6.916746142184e+00 
       2.778123163656e+00       6.613085109937e+00 
       2.806075304435e+00       6.304183752261e+00 
       2.834308686227e+00       5.991777797172e+00 
       2.862826138745e+00       5.677656192654e+00 
       2.891630520171e+00       5.363658353634e+00 
       2.920724717447e+00       5.051640246086e+00 
       2.950111646560e+00       4.743451948729e+00 
       2.979794252838e+00       4.440902679449e+00 
       3.009775511242e+00       4.145721697697e+00 
       3.040058426666e+00       3.859527660272e+00 
       3.070646034239e+00       3.583816186949e+00 
       3.101541399625e+00       3.319951989339e+00 
       3.132747619338e+00       3.069146220947e+00 
       3.164267821043e+00       2.832410505831e+00 
       3.196105163877e+00       2.610551676985e+00 
       3.228262838761e+00       2.404185494902e+00 
       3.260744068722e+00       2.213770538321e+00 
       3.293552109217e+00       2.039542916458e+00 
       3.326690248456e+00       1.881551324423e+00 
       3.360161807733e+00       1.739708697211e+00 
       3.393970141762e+00       1.613802649967e+00 
       3.428118639007e+00       1.503465863915e+00 
       3.462610722028e+00       1.408286983979e+00 
       3.497449847820e+00       1.327801611433e+00 
       3.532639508161e+00       1.261483994123e+00 
       3.568183229960e+00       1.208858440053e+00 
       3.604084575614e+00       1.169447349383e+00 
       3.640347143363e+00       1.142812074733e+00 
       3.676974567649e+00       1.128600624430e+00 
       3.713970519485e+00       1.126461367695e+00 
       3.751338706816e+00       1.136149423804e+00 
       3.789082874898e+00       1.157392761695e+00 
       3.827206806669e+00       1.189971030009e+00 
       3.865714323128e+00       1.233576812056e+00 
       3.904609283720e+00       1.287877109776e+00 
       3.943895586722e+00       1.352361826197e+00 
       3.983577169634e+00       1.426385438191e+00 
       4.023658009571e+00       1.509033750196e+00 
       4.064142123667e+00       1.599154991928e+00 
       4.105033569472e+00       1.695268748379e+00 
       4.146336445362e+00       1.795562152674e+00 
       4.188054890949e+00       1.897915300946e+00 
       4.230193087496e+00       1.999857844978e+00 
       4.272755258335e+00       2.098661311965e+00 
       4.315745669291e+00       2.191393568131e+00 
       4.359168629113e+00       2.274971268960e+00 
       4.403028489897e+00       2.346306848297e+00 
       4.447329647532e+00       2.402433782460e+00 
       4.492076542135e+00       2.440619726047e+00 
       4.537273658496e+00       2.458515790466e+00 
       4.582925526532e+00       2.454311408935e+00 
       4.629036721735e+00       2.426849653029e+00 
       4.675611865634e+00       2.375725139467e+00 
       4.722655626258e+00       2.301345160748e+00 
       4.770172718603e+00       2.204970595406e+00 
       4.818167905107e+00       2.088685600091e+00 
       4.866645996122e+00       1.955339164366e+00 
       4.915611850403e+00       1.808425714423e+00 
       4.965070375588e+00       1.651920905010e+00 
       5.015026528695e+00       1.490092040670e+00 
       5.065485316618e+00       1.327278871423e+00 
       5.116451796627e+00       1.167670814922e+00 
       5.167931076876e+00       1.015091214848e+00 
       5.219928316914e+00       8.728119924240e-01 
       5.272448728204e+00       7.434122698248e-01 
       5.325497574644e+00       6.286930365589e-01 
       5.379080173094e+00       5.296614699469e-01 
       5.433201893912e+00       4.465846998048e-01 
       5.487868161486e+00       3.791031995088e-01 
       5.543084454785e+00       3.264056300864e-01 
       5.598856307903e+00       2.874300279576e-01 
       5.655189310618e+00       2.610773446642e-01 
       5.712089108945e+00       2.464042919195e-01 
       5.769561405711e+00       2.427776819479e-01 
       5.827611961120e+00       2.499458612703e-01 
       5.886246593333e+00       2.680308933587e-01 
       5.945471179049e+00       2.974233686980e-01 
       6.005291654097e+00       3.385900412533e-01 
       6.065714014030e+00       3.918112581822e-01 
       6.126744314725e+00       4.568832474527e-01 
       6.188388672988e+00       5.328340975396e-01 
       6.250653267174e+00       6.176800469109e-01 
       6.313544337796e+00       7.083093389589e-01 
       6.377068188161e+00       8.004823469166e-01 
       6.441231184994e+00       8.890227043464e-01 
       6.506039759080e+00       9.681539446470e-01 
       6.571500405907e+00       1.032007150960e+00 
       6.637619686318e+00       1.075190654909e+00 
       6.704404227168e+00       1.093426155516e+00 
       6.771860721987e+00       1.084089816814e+00 
       6.839995931653e+00       1.046627938743e+00 
       6.908816685070e+00       9.827582133299e-01 
       6.978329879850e+00       8.963787085404e-01 
       7.048542483004e+00       7.932178181003e-01 
       7.119461531643e+00       6.802311565254e-01 
       7.191094133684e+00       5.648179303023e-01 
       7.263447468557e+00       4.539816122751e-01 
       7.336528787930e+00       3.535615950835e-01 
       7.410345416433e+00       2.676640743527e-01 
       7.484904752394e+00       1.983936470472e-01 
       7.560214268578e+00       1.459358453885e-01 
       7.636281512939e+00       1.089776626023e-01 
       7.713114109372e+00       8.537953957508e-02 
       7.790719758484e+00       7.295337750611e-02 
       7.869106238359e+00       7.016638114962e-02 
       7.948281405341e+00       7.659512257281e-02 
       8.028253194820e+00       9.299416984063e-02 
       8.109029622030e+00       1.209303068755e-01 
       8.190618782849e+00       1.620351366253e-01 
       8.273028854612e+00       2.170327545425e-01 
       8.356268096931e+00       2.847946500962e-01 
       8.440344852522e+00       3.616844215625e-01 
       8.525267548040e+00       4.414349254635e-01 
       8.611044694927e+00       5.156888474652e-01 
       8.697684890263e+00       5.751865469413e-01 
       8.785196817625e+00       6.113934023649e-01 
       8.873589247964e+00       6.182310545421e-01 
       8.962871040477e+00       5.934923324164e-01 
       9.053051143499e+00       5.395395956135e-01 
       9.144138595398e+00       4.630592318610e-01 
       9.236142525484e+00       3.738313048724e-01 
       9.329072154920e+00       2.827847861729e-01 
       9.422936797648e+00       1.998042636771e-01 
       9.517745861322e+00       1.318656805294e-01 
       9.613508848253e+00       8.203398745453e-02 
       9.710235356357e+00       4.960955777178e-02 
       9.807935080123e+00       3.137189891827e-02 
       9.906617811578e+00       2.349698763730e-02 
       1.000629344127e+01       2.346900681813e-02 
       1.010697195928e+01       3.125723975099e-02 
       1.020866345617e+01       4.924253547069e-02 
       1.031137812405e+01       8.081710660806e-02 
       1.041512625758e+01       1.280993593868e-01 
       1.051991825499e+01       1.896290818855e-01 
       1.062576461915e+01       2.590475341050e-01 
       1.073267595857e+01       3.255174154849e-01 
       1.084066298854e+01       3.760460806597e-01 
       1.094973653213e+01       3.991169325374e-01 
       1.105990752132e+01       3.884139404745e-01 
       1.117118699809e+01       3.452131688315e-01 
       1.128358611549e+01       2.783750629353e-01 
       1.139711613882e+01       2.017423421640e-01 
       1.151178844671e+01       1.297889296325e-01 
       1.162761453229e+01       7.319312856888e-02 
       1.174460600429e+01       3.613107458924e-02 
       1.186277458829e+01       1.644368577818e-02 
       1.198213212782e+01       8.538703604438e-03 
       1.210269058557e+01       7.570287280019e-03 
       1.222446204462e+01       1.270233557951e-02 
       1.234745870959e+01       2.759118701923e-02 
       1.247169290793e+01       5.759366127087e-02 
       1.259717709109e+01       1.050129788869e-01 
       1.272392383582e+01       1.650192521649e-01 
       1.285194584542e+01       2.248886930954e-01 
       1.298125595098e+01       2.676894542023e-01 
       1.311186711271e+01       2.791335091459e-01 
       1.324379242121e+01       2.542843626723e-01 
       1.337704509879e+01       2.004311305591e-01 
       1.351163850080e+01       1.341953977651e-01 
       1.364758611697e+01       7.405741011402e-02 
       1.378490157275e+01       3.227136660964e-02 
       1.392359863069e+01       1.074044463736e-02 
       1.406369119179e+01       3.210307475337e-03 
       1.420519329696e+01       2.180672773308e-03 
       1.434811912833e+01       5.699872503813e-03 
       1.449248301077e+01       1.901408960304e-02 
       1.463829941324e+01       4.944138385958e-02 
       1.478558295031e+01       9.784797659242e-02 
       1.493434838358e+01       1.532275049188e-01 
       1.508461062318e+01       1.954675558089e-01 
       1.523638472926e+01       2.058111309608e-01 
       1.538968591349e+01       1.784693188060e-01 
       1.554452954059e+01       1.250243978180e-01 
       1.570093112988e+01       6.775283748290e-02 
       1.585890635684e+01       2.609946052695e-02 
       1.601847105465e+01       6.121067495490e-03 
       1.617964121580e+01       8.137882132776e-04 
       1.634243299370e+01       5.568788842709e-04 
       1.650686270426e+01       4.174971495327e-03 
       1.667294682758e+01       2.013035186501e-02 
       1.684070200958e+01       5.597678112480e-02 
       1.701014506363e+01       1.056094939988e-01 
       1.718129297230e+01       1.474615807256e-01 
       1.735416288902e+01       1.579218995098e-01 
       1.752877213979e+01       1.297617227906e-01 
       1.770513822498e+01       7.891667799729e-02 
       1.788327882099e+01       3.228639236174e-02 
       1.806321178211e+01       6.976258517241e-03 
       1.824495514225e+01       3.599245393846e-04 
       1.842852711678e+01       1.910978717641e-05 
       1.861394610434e+01       1.937063803295e-03 
       1.880123068868e+01       1.589081477034e-02 
       1.899039964055e+01       5.075764603294e-02 
       1.918147191954e+01       9.626988116559e-02 
       1.937446667602e+01       1.246185325062e-01 
       1.956940325303e+01       1.144366585982e-01 
       1.976630118824e+01       7.255737499769e-02 
       1.996518021590e+01       2.820278610028e-02 
       2.016606026879e+01       4.572332180608e-03 
       2.036896148029e+01       7.800116809344e-06 
       2.057390418631e+01       1.353104739529e-05 
       2.078090892739e+01       2.557362829941e-03 
       2.098999645074e+01       2.114664380552e-02 
       2.120118771231e+01       5.987377286064e-02 
       2.141450387891e+01       9.566810071585e-02 
       2.162996633031e+01       9.767842758580e-02 
       2.184759666140e+01       6.322913300794e-02 
       2.206741668433e+01       2.231399076051e-02 
       2.228944843075e+01       2.258848981889e-03 
       2.251371415394e+01       1.348599135293e-04 
       2.274023633112e+01       7.237083829630e-06 
       2.296903766562e+01       4.952114661047e-03 
       2.320014108925e+01       3.048598053233e-02 
       2.343356976452e+01       6.845981469088e-02 
       2.366934708698e+01       8.390515080739e-02 
       2.390749668761e+01       5.937912423260e-02 
       2.414804243512e+01       2.082161702016e-02 
       2.439100843840e+01       1.544588171303e-03 
       2.463641904889e+01       3.671762675998e-04 
       2.488429886305e+01       1.674930882526e-06 
       2.513467272484e+01       6.974576450849e-03 
       2.538756572815e+01       3.599196739263e-02 
       2.564300321939e+01       6.691197046406e-02 
       2.590101079996e+01       6.284330490055e-02 
       2.616161432887e+01       2.839345737257e-02 
       2.642483992530e+01       3.350773093414e-03 
       2.669071397125e+01       2.972642368335e-04 
       2.695926311412e+01       1.518221942746e-04 
       2.723051426948e+01       4.837391049178e-03 
       2.750449462366e+01       3.139686616249e-02 
       2.778123163656e+01       5.832954145254e-02 
       2.806075304435e+01       4.816591189701e-02 
       2.834308686227e+01       1.531766678313e-02 
       2.862826138745e+01       2.912258435687e-04 
       2.891630520171e+01       8.175223611945e-04 
       2.920724717447e+01       3.344530122888e-04 
       2.950111646560e+01       1.543915267426e-02 
       2.979794252838e+01       4.496799545144e-02 
       3.009775511242e+01       4.651864456714e-02 
       3.040058426666e+01       1.706657262846e-02 
       3.070646034239e+01       4.136008224641e-04 
       3.101541399625e+01       9.176906222941e-04 
       3.132747619338e+01       3.437374183055e-04 
       3.164267821043e+01       1.614720352458e-02 
       3.196105163877e+01       4.208237432826e-02 
       3.228262838761e+01       3.451773135845e-02 
       3.260744068722e+01       7.020919603103e-03 
       3.293552109217e+01       1.824153397844e-04 
       3.326690248456e+01       4.244807118154e-04 
       3.360161807733e+01       4.699095814039e-03 
       3.393970141762e+01       2.936701747340e-02 
       3.428118639007e+01       3.621467065773e-02 
       3.462610722028e+01       1.114873059154e-02 
       3.497449847820e+01       4.049014375368e-06 
       3.532639508161e+01       7.274301283625e-04 
       3.568183229960e+01       3.066170005693e-03 
       3.604084575614e+01       2.556313693002e-02 
       3.640347143363e+01       3.102063749612e-02 
       3.676974567649e+01       7.252781545611e-03 
       3.713970519485e+01       2.539395880379e-04 
       3.751338706816e+01       2.743475828546e-04 
       3.789082874898e+01       6.955196699373e-03 
       3.827206806669e+01       2.849449555417e-02 
       3.865714323128e+01       1.927850392699e-02 
       3.904609283720e+01       7.525393508544e-04 
       3.943895586722e+01       1.043166726642e-03 
       3.983577169634e+01       1.036673054264e-03 
       4.023658009571e+01       1.946992283702e-02 
       4.064142123667e+01       2.309964202894e-02 
       4.105033569472e+01       2.695777340804e-03 
       4.146336445362e+01       9.109559474649e-04 
       4.188054890949e+01       2.184299411712e-04 
       4.230193087495e+01       1.552214014804e-02 
       4.272755258334e+01       2.121356001408e-02 
       4.315745669291e+01       2.190477098473e-03 
       4.359168629112e+01       9.750125757710e-04 
       4.403028489897e+01       6.036900802825e-04 
       4.447329647532e+01       1.694740475226e-02 
       4.492076542135e+01       1.553350298336e-02 
       4.537273658496e+01       2.294576777399e-04 
       4.582925526532e+01       7.932479091418e-04 
       4.629036721735e+01       3.902893086098e-03 
       4.675611865634e+01       1.936679115726e-02 
       4.722655626258e+01       5.546142046647e-03 
       4.770172718603e+01       6.015057358151e-04 
       4.818167905107e+01       8.787414212359e-05 
       4.866645996122e+01       1.350252531001e-02 
       4.915611850403e+01       1.142053937404e-02 
       4.965070375587e+01       9.036658581250e-06 
       5.015026528695e+01       2.246827608498e-04 
       5.065485316618e+01       8.384757066211e-03 
       5.116451796627e+01       1.330774308310e-02 
       5.167931076876e+01       1.011814354141e-04 
       5.219928316914e+01       4.580028580101e-04 
       5.272448728204e+01       6.610108867436e-03 
       5.325497574644e+01       1.239061903935e-02 
       5.379080173094e+01       4.659322373777e-05 
       5.433201893911e+01       3.096035605366e-04 
       5.487868161486e+01       7.647193045470e-03 
       5.543084454785e+01       9.394294509674e-03 
       5.598856307903e+01       1.060722215064e-04 
       5.655189310618e+01       1.064697236824e-08 
       5.712089108945e+01       1.056662871932e-02 
       5.769561405711e+01       4.156921334493e-03 
       5.827611961120e+01       7.610956715710e-04 
       5.886246593333e+01       1.558260445068e-03 
       5.945471179049e+01       1.103907563335e-02 
       6.005291654097e+01       1.257492090845e-04 
       6.065714014030e+01       2.072860837413e-04 
       6.126744314725e+01       7.956400999435e-03 
       6.188388672988e+01       3.740600031864e-03 
       6.250653267173e+01       7.544772370995e-04 
       6.313544337796e+01       2.477086584220e-03 
       6.377068188161e+01       7.918282083213e-03 
       6.441231184994e+01       1.905018507701e-04 
       6.506039759080e+01       2.605571834646e-04 
       6.571500405907e+01       8.974590960974e-03 
       6.637619686318e+01       2.379712030406e-05 
       6.704404227168e+01       8.988313253720e-06 
       6.771860721987e+01       8.205477895118e-03 
       6.839995931653e+01       2.766141641447e-04 
       6.908816685070e+01       1.072315804861e-04 
       6.978329879850e+01       7.404881292710e-03 
       7.048542483004e+01       3.258173177242e-04 
       7.119461531643e+01       9.042945923994e-05 
       7.191094133684e+01       7.116615535547e-03 
       7.263447468557e+01       8.697101267261e-05 
       7.336528787930e+01       2.364039432591e-07 
       7.410345416433e+01       6.834139212254e-03 
       7.484904752394e+01       4.808663500608e-05 
       7.560214268578e+01       3.777270824184e-04 
       7.636281512939e+01       5.249005640017e-03 
       7.713114109372e+01       4.937452435827e-04 
       7.790719758484e+01       2.437858586507e-03 
       7.869106238359e+01       1.892132183822e-03 
       7.948281405341e+01       3.557325879596e-04 
       8.028253194820e+01       5.394686192071e-03 
       8.109029622030e+01       3.833439201588e-07 
       8.190618782849e+01       3.347039189828e-04 
       8.273028854612e+01       3.577691014451e-03 
       8.356268096931e+01       5.292454658222e-04 
       8.440344852522e+01       4.238262645996e-03 
       8.525267548040e+01       1.059596521277e-05 
       8.611044694927e+01       3.211409978055e-04 
       8.697684890263e+01       2.642548540917e-03 
       8.785196817625e+01       3.701267669213e-04 
       8.873589247964e+01       4.490706801056e-03 
       8.962871040477e+01       2.230018511490e-04 
       9.053051143499e+01       2.002198723876e-03 
       9.144138595398e+01       2.475660004403e-04 
       9.236142525484e+01       1.103188968325e-04 
       9.329072154920e+01       2.061141715499e-03 
       9.422936797648e+01       1.800598095580e-04 
       9.517745861322e+01       3.586322094796e-03 
       9.613508848252e+01       4.455259934321e-04 
       9.710235356357e+01       3.586633437027e-03 
       9.807935080123e+01       3.067246053795e-04 
       9.906617811578e+01       2.740909215844e-03 
       1.000629344127e+02       9.703453430811e-05 
