# Matter power spectrum P(k) at redshift z=0
# for k=2.07862e-07 to 100.943 h/Mpc,
# number of wavenumbers equal to 1836
#    1:k (h/Mpc)              2:P (Mpc/h)^3        
       2.078615163186e-07       1.139388475839e+00 
       2.099529190479e-07       1.150452730129e+00 
       2.120653644667e-07       1.161624426020e+00 
       2.141990642967e-07       1.172904606845e+00 
       2.163542323894e-07       1.184294326069e+00 
       2.185310847482e-07       1.195794647384e+00 
       2.207298395498e-07       1.207406644815e+00 
       2.229507171659e-07       1.219131402814e+00 
       2.251939401859e-07       1.230970016364e+00 
       2.274597334383e-07       1.242923591082e+00 
       2.297483240141e-07       1.254993243322e+00 
       2.320599412888e-07       1.267180100275e+00 
       2.343948169462e-07       1.279485300082e+00 
       2.367531850009e-07       1.291909991933e+00 
       2.391352818220e-07       1.304455336181e+00 
       2.415413461572e-07       1.317122504442e+00 
       2.439716191559e-07       1.329912679714e+00 
       2.464263443941e-07       1.342827056479e+00 
       2.489057678985e-07       1.355866840821e+00 
       2.514101381712e-07       1.369033250534e+00 
       2.539397062146e-07       1.382327515239e+00 
       2.564947255565e-07       1.395750876496e+00 
       2.590754522758e-07       1.409304587922e+00 
       2.616821450276e-07       1.422989915310e+00 
       2.643150650697e-07       1.436808136740e+00 
       2.669744762886e-07       1.450760542706e+00 
       2.696606452256e-07       1.464848436234e+00 
       2.723738411042e-07       1.479073133001e+00 
       2.751143358564e-07       1.493435954620e+00 
       2.778824041504e-07       1.507938188822e+00 
       2.806783234179e-07       1.522581380388e+00 
       2.835023738821e-07       1.537366655818e+00 
       2.863548385854e-07       1.552295538866e+00 
       2.892360034184e-07       1.567369425265e+00 
       2.921461571480e-07       1.582589654412e+00 
       2.950855914464e-07       1.597957703037e+00 
       2.980546009208e-07       1.613474983423e+00 
       3.010534831423e-07       1.629143029361e+00 
       3.040825386762e-07       1.644963145420e+00 
       3.071420711119e-07       1.660936881250e+00 
       3.102323870933e-07       1.677065741199e+00 
       3.133537963496e-07       1.693351199361e+00 
       3.165066117264e-07       1.709794817383e+00 
       3.196911492171e-07       1.726398108613e+00 
       3.229077279943e-07       1.743162625420e+00 
       3.261566704420e-07       1.760089703840e+00 
       3.294383021880e-07       1.777181644057e+00 
       3.327529521363e-07       1.794439234613e+00 
       3.361009525001e-07       1.811864487008e+00 
       3.394826388354e-07       1.829458950378e+00 
       3.428983500741e-07       1.847224268345e+00 
       3.463484285586e-07       1.865162183351e+00 
       3.498332200754e-07       1.883274205295e+00 
       3.533530738906e-07       1.901562107981e+00 
       3.569083427841e-07       1.920027596822e+00 
       3.604993830854e-07       1.938672313832e+00 
       3.641265547092e-07       1.957498242057e+00 
       3.677902211916e-07       1.976506910898e+00 
       3.714907497262e-07       1.995700167127e+00 
       3.752285112014e-07       2.015079803214e+00 
       3.790038802370e-07       2.034647629038e+00 
       3.828172352224e-07       2.054405472052e+00 
       3.866689583539e-07       2.074355177455e+00 
       3.905594356733e-07       2.094498608363e+00 
       3.944890571066e-07       2.114837689079e+00 
       3.984582165032e-07       2.135374233313e+00 
       4.024673116751e-07       2.156110201665e+00 
       4.065167444367e-07       2.177047530682e+00 
       4.106069206456e-07       2.198188175716e+00 
       4.147382502428e-07       2.219534111107e+00 
       4.189111472939e-07       2.241087330367e+00 
       4.231260300306e-07       2.262849846365e+00 
       4.273833208928e-07       2.284823691519e+00 
       4.316834465706e-07       2.307010917982e+00 
       4.360268380473e-07       2.329413603148e+00 
       4.404139306428e-07       2.352033814339e+00 
       4.448451640565e-07       2.374873708548e+00 
       4.493209824123e-07       2.397935377329e+00 
       4.538418343023e-07       2.421220996873e+00 
       4.584081728325e-07       2.444732735965e+00 
       4.630204556675e-07       2.468472790384e+00 
       4.676791450768e-07       2.492443377229e+00 
       4.723847079811e-07       2.516646760201e+00 
       4.771376159990e-07       2.541085117553e+00 
       4.819383454943e-07       2.565760821076e+00 
       4.867873776237e-07       2.590676107541e+00 
       4.916851983851e-07       2.615833410341e+00 
       4.966322986663e-07       2.641234944880e+00 
       5.016291742941e-07       2.666882788660e+00 
       5.066763260842e-07       2.692780339126e+00 
       5.117742598912e-07       2.718929107764e+00 
       5.169234866593e-07       2.745331799743e+00 
       5.221245224737e-07       2.771990642053e+00 
       5.273778886121e-07       2.798908842816e+00 
       5.326841115971e-07       2.826088193721e+00 
       5.380437232489e-07       2.853531229347e+00 
       5.434572607386e-07       2.881240996737e+00 
       5.489252666421e-07       2.909220103399e+00 
       5.544482889943e-07       2.937470652921e+00 
       5.600268813445e-07       2.965995534814e+00 
       5.656616028111e-07       2.994797413498e+00 
       5.713530181385e-07       3.023879161170e+00 
       5.771016977530e-07       3.053243120469e+00 
       5.829082178203e-07       3.082892243111e+00 
       5.887731603033e-07       3.112829214726e+00 
       5.946971130204e-07       3.143057005633e+00 
       6.006806697040e-07       3.173578273939e+00 
       6.067244300608e-07       3.204395925803e+00 
       6.128289998311e-07       3.235512840274e+00 
       6.189949908500e-07       3.266931906894e+00 
       6.252230211087e-07       3.298656085895e+00 
       6.315137148162e-07       3.330688292552e+00 
       6.378677024619e-07       3.363031629382e+00 
       6.442856208792e-07       3.395689003749e+00 
       6.507681133087e-07       3.428663471427e+00 
       6.573158294631e-07       3.461958210571e+00 
       6.639294255922e-07       3.495576231114e+00 
       6.706095645486e-07       3.529520705986e+00 
       6.773569158544e-07       3.563794769203e+00 
       6.841721557679e-07       3.598401695502e+00 
       6.910559673516e-07       3.633344712206e+00 
       6.980090405408e-07       3.668626982651e+00 
       7.050320722124e-07       3.704251934663e+00 
       7.121257662551e-07       3.740222803531e+00 
       7.192908336398e-07       3.776542955745e+00 
       7.265279924908e-07       3.813215798064e+00 
       7.338379681576e-07       3.850244779089e+00 
       7.412214932882e-07       3.887633336945e+00 
       7.486793079020e-07       3.925384954966e+00 
       7.562121594639e-07       3.963503176605e+00 
       7.638208029598e-07       4.001991581808e+00 
       7.715060009717e-07       4.040853702479e+00 
       7.792685237544e-07       4.080093200245e+00 
       7.871091493125e-07       4.119713739592e+00 
       7.950286634786e-07       4.159719025427e+00 
       8.030278599921e-07       4.200112698049e+00 
       8.111075405784e-07       4.240898710957e+00 
       8.192685150297e-07       4.282080784943e+00 
       8.275116012856e-07       4.323662765184e+00 
       8.358376255159e-07       4.365648351013e+00 
       8.442474222025e-07       4.408042017135e+00 
       8.527418342236e-07       4.450847168543e+00 
       8.613217129382e-07       4.494067797253e+00 
       8.699879182709e-07       4.537708318437e+00 
       8.787413187988e-07       4.581772674024e+00 
       8.875827918381e-07       4.626264763429e+00 
       8.965132235320e-07       4.671189290270e+00 
       9.055335089398e-07       4.716549783880e+00 
       9.146445521264e-07       4.762350484024e+00 
       9.238472662530e-07       4.808596442159e+00 
       9.331425736686e-07       4.855291241601e+00 
       9.425314060023e-07       4.902439496650e+00 
       9.520147042569e-07       4.950045601668e+00 
       9.615934189032e-07       4.998114023715e+00 
       9.712685099750e-07       5.046648915101e+00 
       9.810409471657e-07       5.095655368217e+00 
       9.909117099251e-07       5.145137763922e+00 
       1.000881787558e-06       5.195100691029e+00 
       1.010952179323e-06       5.245548630028e+00 
       1.021123894532e-06       5.296486554456e+00 
       1.031397952654e-06       5.347919118174e+00 
       1.041775383413e-06       5.399851121039e+00 
       1.052257226896e-06       5.452287429917e+00 
       1.062844533652e-06       5.505232927936e+00 
       1.073538364804e-06       5.558692678737e+00 
       1.084339792148e-06       5.612671651967e+00 
       1.095249898265e-06       5.667174452522e+00 
       1.106269776629e-06       5.722206459949e+00 
       1.117400531716e-06       5.777773251789e+00 
       1.128643279114e-06       5.833879376530e+00 
       1.139999145635e-06       5.890530266808e+00 
       1.151469269431e-06       5.947731415898e+00 
       1.163054800103e-06       6.005488019306e+00 
       1.174756898818e-06       6.063805763784e+00 
       1.186576738430e-06       6.122689241918e+00 
       1.198515503591e-06       6.182145099401e+00 
       1.210574390871e-06       6.242177857481e+00 
       1.222754608883e-06       6.302793974712e+00 
       1.235057378398e-06       6.363998092967e+00 
       1.247483932469e-06       6.425796934745e+00 
       1.260035516559e-06       6.488196321032e+00 
       1.272713388658e-06       6.551201143551e+00 
       1.285518819417e-06       6.614817834387e+00 
       1.298453092268e-06       6.679052312387e+00 
       1.311517503560e-06       6.743910535439e+00 
       1.324713362683e-06       6.809398619648e+00 
       1.338041992202e-06       6.875522251668e+00 
       1.351504727988e-06       6.942288337978e+00 
       1.365102919355e-06       7.009702791377e+00 
       1.378837929191e-06       7.077771862778e+00 
       1.392711134099e-06       7.146501940304e+00 
       1.406723924530e-06       7.215899450239e+00 
       1.420877704927e-06       7.285970843690e+00 
       1.435173893864e-06       7.356722678868e+00 
       1.449613924187e-06       7.428161563330e+00 
       1.464199243158e-06       7.500294156304e+00 
       1.478931312603e-06       7.573127219155e+00 
       1.493811609054e-06       7.646667528066e+00 
       1.508841623900e-06       7.720921987770e+00 
       1.524022863535e-06       7.795897493865e+00 
       1.539356849511e-06       7.871601065081e+00 
       1.554845118689e-06       7.948039774849e+00 
       1.570489223390e-06       8.025221128056e+00 
       1.586290731559e-06       8.103151276880e+00 
       1.602251226912e-06       8.181838483771e+00 
       1.618372309103e-06       8.261289821932e+00 
       1.634655593879e-06       8.341512879258e+00 
       1.651102713245e-06       8.422514901490e+00 
       1.667715315625e-06       8.504303132555e+00 
       1.684495066030e-06       8.586885790618e+00 
       1.701443646224e-06       8.670270337450e+00 
       1.718562754890e-06       8.754464921673e+00 
       1.735854107804e-06       8.839476632552e+00 
       1.753319438005e-06       8.925314002225e+00 
       1.770960495969e-06       9.011984972665e+00 
       1.788779049785e-06       9.099497863567e+00 
       1.806776885329e-06       9.187860058445e+00 
       1.824955806449e-06       9.277080647670e+00 
       1.843317635142e-06       9.367167428086e+00 
       1.861864211734e-06       9.458129383552e+00 
       1.880597395071e-06       9.549974223921e+00 
       1.899519062700e-06       9.642711080720e+00 
       1.918631111060e-06       9.736348440056e+00 
       1.937935455669e-06       9.830895388789e+00 
       1.957434031321e-06       9.926359948546e+00 
       1.977128792275e-06       1.002275177133e+01 
       1.997021712453e-06       1.012008035065e+01 
       2.017114785638e-06       1.021835272856e+01 
       2.037410025674e-06       1.031758000313e+01 
       2.057909466666e-06       1.041777122468e+01 
       2.078615163186e-06       1.051893461155e+01 
       2.099529190479e-06       1.062108077024e+01 
       2.120653644667e-06       1.072421894824e+01 
       2.141990642967e-06       1.082835852840e+01 
       2.163542323894e-06       1.093350938467e+01 
       2.185310847482e-06       1.103968126627e+01 
       2.207298395498e-06       1.114688425406e+01 
       2.229507171659e-06       1.125512820610e+01 
       2.251939401859e-06       1.136442331602e+01 
       2.274597334383e-06       1.147477957979e+01 
       2.297483240141e-06       1.158620803510e+01 
       2.320599412888e-06       1.169871828169e+01 
       2.343948169462e-06       1.181232050173e+01 
       2.367531850009e-06       1.192702660575e+01 
       2.391352818220e-06       1.204284613494e+01 
       2.415413461572e-06       1.215979062756e+01 
       2.439716191559e-06       1.227787080369e+01 
       2.464263443941e-06       1.239709696000e+01 
       2.489057678985e-06       1.251748151232e+01 
       2.514101381712e-06       1.263903514826e+01 
       2.539397062146e-06       1.276176870602e+01 
       2.564947255565e-06       1.288569412660e+01 
       2.590754522758e-06       1.301082316538e+01 
       2.616821450276e-06       1.313716751588e+01 
       2.643150650697e-06       1.326473819271e+01 
       2.669744762886e-06       1.339354820673e+01 
       2.696606452256e-06       1.352360880913e+01 
       2.723738411042e-06       1.365493241103e+01 
       2.751143358564e-06       1.378753115141e+01 
       2.778824041504e-06       1.392141766772e+01 
       2.806783234179e-06       1.405660425831e+01 
       2.835023738821e-06       1.419310367450e+01 
       2.863548385854e-06       1.433092853102e+01 
       2.892360034184e-06       1.447009213013e+01 
       2.921461571480e-06       1.461060609915e+01 
       2.950855914464e-06       1.475248519959e+01 
       2.980546009208e-06       1.489574206245e+01 
       3.010534831423e-06       1.504039002766e+01 
       3.040825386762e-06       1.518644268840e+01 
       3.071420711119e-06       1.533391356013e+01 
       3.102323870933e-06       1.548281637781e+01 
       3.133537963496e-06       1.563316558563e+01 
       3.165066117264e-06       1.578497398011e+01 
       3.196911492171e-06       1.593825697496e+01 
       3.229077279943e-06       1.609302842738e+01 
       3.261566704420e-06       1.624930286068e+01 
       3.294383021880e-06       1.640709478541e+01 
       3.327529521363e-06       1.656641957763e+01 
       3.361009525001e-06       1.672729111609e+01 
       3.394826388354e-06       1.688972449068e+01 
       3.428983500741e-06       1.705373466374e+01 
       3.463484285586e-06       1.721933912008e+01 
       3.498332200754e-06       1.738655077571e+01 
       3.533530738906e-06       1.755538605572e+01 
       3.569083427841e-06       1.772586071327e+01 
       3.604993830854e-06       1.789799136972e+01 
       3.641265547092e-06       1.807179312181e+01 
       3.677902211916e-06       1.824728264471e+01 
       3.714907497262e-06       1.842447534574e+01 
       3.752285112014e-06       1.860338970061e+01 
       3.790038802370e-06       1.878404225468e+01 
       3.828172352224e-06       1.896644743802e+01 
       3.866689583539e-06       1.915062558727e+01 
       3.905594356733e-06       1.933659035471e+01 
       3.944890571066e-06       1.952436296246e+01 
       3.984582165032e-06       1.971395686873e+01 
       4.024673116751e-06       1.990539295110e+01 
       4.065167444367e-06       2.009868816726e+01 
       4.106069206456e-06       2.029386013421e+01 
       4.147382502428e-06       2.049092834448e+01 
       4.189111472939e-06       2.068990899717e+01 
       4.231260300306e-06       2.089082257304e+01 
       4.273833208928e-06       2.109368597019e+01 
       4.316834465706e-06       2.129851991146e+01 
       4.360268380473e-06       2.150534344347e+01 
       4.404139306428e-06       2.171417475551e+01 
       4.448451640565e-06       2.192503449293e+01 
       4.493209824123e-06       2.213794162225e+01 
       4.538418343023e-06       2.235291627915e+01 
       4.584081728325e-06       2.256997849876e+01 
       4.630204556675e-06       2.278914865941e+01 
       4.676791450768e-06       2.301044661511e+01 
       4.723847079811e-06       2.323389389835e+01 
       4.771376159990e-06       2.345951070655e+01 
       4.819383454943e-06       2.368731851063e+01 
       4.867873776237e-06       2.391733861672e+01 
       4.916851983851e-06       2.414959229110e+01 
       4.966322986662e-06       2.438410178892e+01 
       5.016291742941e-06       2.462088803293e+01 
       5.066763260842e-06       2.485997350061e+01 
       5.117742598912e-06       2.510138088895e+01 
       5.169234866593e-06       2.534513236090e+01 
       5.221245224737e-06       2.559125100053e+01 
       5.273778886121e-06       2.583975936370e+01 
       5.326841115971e-06       2.609068105445e+01 
       5.380437232489e-06       2.634403939997e+01 
       5.434572607386e-06       2.659985794886e+01 
       5.489252666421e-06       2.685816058626e+01 
       5.544482889943e-06       2.711897150330e+01 
       5.600268813445e-06       2.738231524872e+01 
       5.656616028111e-06       2.764821610773e+01 
       5.713530181385e-06       2.791669916901e+01 
       5.771016977530e-06       2.818778926659e+01 
       5.829082178203e-06       2.846151176114e+01 
       5.887731603033e-06       2.873789242280e+01 
       5.946971130204e-06       2.901695676715e+01 
       6.006806697040e-06       2.929873095217e+01 
       6.067244300608e-06       2.958324157831e+01 
       6.128289998311e-06       2.987051480939e+01 
       6.189949908500e-06       3.016057767972e+01 
       6.252230211087e-06       3.045345733998e+01 
       6.315137148162e-06       3.074918097890e+01 
       6.378677024619e-06       3.104777629649e+01 
       6.442856208792e-06       3.134927112506e+01 
       6.507681133087e-06       3.165369366430e+01 
       6.573158294631e-06       3.196107236112e+01 
       6.639294255922e-06       3.227143589308e+01 
       6.706095645486e-06       3.258481314968e+01 
       6.773569158544e-06       3.290123377149e+01 
       6.841721557678e-06       3.322072682551e+01 
       6.910559673516e-06       3.354332233634e+01 
       6.980090405407e-06       3.386905044974e+01 
       7.050320722124e-06       3.419794173053e+01 
       7.121257662551e-06       3.453002663710e+01 
       7.192908336398e-06       3.486533630759e+01 
       7.265279924908e-06       3.520390200185e+01 
       7.338379681576e-06       3.554575544045e+01 
       7.412214932882e-06       3.589092837920e+01 
       7.486793079020e-06       3.623945326115e+01 
       7.562121594639e-06       3.659136257290e+01 
       7.638208029598e-06       3.694668898735e+01 
       7.715060009717e-06       3.730546586639e+01 
       7.792685237544e-06       3.766772678502e+01 
       7.871091493124e-06       3.803350541894e+01 
       7.950286634786e-06       3.840283600553e+01 
       8.030278599921e-06       3.877575283050e+01 
       8.111075405784e-06       3.915229116482e+01 
       8.192685150296e-06       3.953248578249e+01 
       8.275116012856e-06       3.991637231080e+01 
       8.358376255159e-06       4.030398672553e+01 
       8.442474222025e-06       4.069536496899e+01 
       8.527418342236e-06       4.109054369070e+01 
       8.613217129381e-06       4.148955987178e+01 
       8.699879182709e-06       4.189245074625e+01 
       8.787413187988e-06       4.229925391249e+01 
       8.875827918381e-06       4.271000738942e+01 
       8.965132235320e-06       4.312474952971e+01 
       9.055335089398e-06       4.354351920488e+01 
       9.146445521264e-06       4.396635502213e+01 
       9.238472662530e-06       4.439329697833e+01 
       9.331425736686e-06       4.482438480496e+01 
       9.425314060022e-06       4.525965878054e+01 
       9.520147042569e-06       4.569915935406e+01 
       9.615934189032e-06       4.614292791431e+01 
       9.712685099750e-06       4.659100552336e+01 
       9.810409471657e-06       4.704343432957e+01 
       9.909117099251e-06       4.750025656161e+01 
       1.000881787558e-05       4.796151452235e+01 
       1.010952179323e-05       4.842725165044e+01 
       1.021123894532e-05       4.889751147106e+01 
       1.031397952654e-05       4.937233770720e+01 
       1.041775383413e-05       4.985177455784e+01 
       1.052257226896e-05       5.033586738209e+01 
       1.062844533652e-05       5.082466051647e+01 
       1.073538364804e-05       5.131820033633e+01 
       1.084339792148e-05       5.181653262060e+01 
       1.095249898265e-05       5.231970406957e+01 
       1.106269776629e-05       5.282776152796e+01 
       1.117400531716e-05       5.334075253032e+01 
       1.128643279114e-05       5.385872478806e+01 
       1.139999145635e-05       5.438172697772e+01 
       1.151469269431e-05       5.490980781761e+01 
       1.163054800102e-05       5.544301631667e+01 
       1.174756898818e-05       5.598140271743e+01 
       1.186576738430e-05       5.652501706487e+01 
       1.198515503591e-05       5.707391015939e+01 
       1.210574390871e-05       5.762813307237e+01 
       1.222754608883e-05       5.818773816750e+01 
       1.235057378398e-05       5.875277703391e+01 
       1.247483932469e-05       5.932330266504e+01 
       1.260035516559e-05       5.989936836491e+01 
       1.272713388658e-05       6.048102786032e+01 
       1.285518819417e-05       6.106833560448e+01 
       1.298453092268e-05       6.166134639678e+01 
       1.311517503560e-05       6.226011551382e+01 
       1.324713362683e-05       6.286469898514e+01 
       1.338041992202e-05       6.347515320798e+01 
       1.351504727988e-05       6.409153516295e+01 
       1.365102919355e-05       6.471390247979e+01 
       1.378837929191e-05       6.534231318311e+01 
       1.392711134099e-05       6.597682611963e+01 
       1.406723924530e-05       6.661750034658e+01 
       1.420877704927e-05       6.726439567367e+01 
       1.435173893864e-05       6.791757271159e+01 
       1.449613924187e-05       6.857709244469e+01 
       1.464199243158e-05       6.924301602597e+01 
       1.478931312603e-05       6.991540614807e+01 
       1.493811609054e-05       7.059432553196e+01 
       1.508841623900e-05       7.127983722875e+01 
       1.524022863535e-05       7.197200572174e+01 
       1.539356849511e-05       7.267089526028e+01 
       1.554845118689e-05       7.337657124010e+01 
       1.570489223390e-05       7.408909950230e+01 
       1.586290731559e-05       7.480854664704e+01 
       1.602251226912e-05       7.553498011045e+01 
       1.618372309103e-05       7.626846709440e+01 
       1.634655593879e-05       7.700907650741e+01 
       1.651102713245e-05       7.775687755841e+01 
       1.667715315625e-05       7.851193998725e+01 
       1.684495066030e-05       7.927433411851e+01 
       1.701443646224e-05       8.004413120458e+01 
       1.718562754890e-05       8.082140355155e+01 
       1.735854107804e-05       8.160622302631e+01 
       1.753319438005e-05       8.239866334698e+01 
       1.770960495969e-05       8.319879852231e+01 
       1.788779049785e-05       8.400670327046e+01 
       1.806776885329e-05       8.482245283824e+01 
       1.824955806449e-05       8.564612347020e+01 
       1.843317635142e-05       8.647779197300e+01 
       1.861864211734e-05       8.731753633592e+01 
       1.880597395071e-05       8.816543461411e+01 
       1.899519062700e-05       8.902156613018e+01 
       1.918631111060e-05       8.988601069766e+01 
       1.937935455669e-05       9.075884911482e+01 
       1.957434031321e-05       9.164016299860e+01 
       1.977128792275e-05       9.253003434830e+01 
       1.997021712453e-05       9.342854659550e+01 
       2.017114785638e-05       9.433578335482e+01 
       2.037410025674e-05       9.525182966850e+01 
       2.057909466666e-05       9.617677059169e+01 
       2.078615163186e-05       9.711069279731e+01 
       2.099529190479e-05       9.805368332112e+01 
       2.120653644667e-05       9.900583043049e+01 
       2.141990642967e-05       9.996722276041e+01 
       2.163542323894e-05       1.009379500256e+02 
       2.185310847482e-05       1.019181031114e+02 
       2.207298395498e-05       1.029077736347e+02 
       2.229507171659e-05       1.039070536063e+02 
       2.251939401859e-05       1.049160366656e+02 
       2.274597334383e-05       1.059348166451e+02 
       2.297483240140e-05       1.069634888836e+02 
       2.320599412888e-05       1.080021494752e+02 
       2.343948169462e-05       1.090508952766e+02 
       2.367531850009e-05       1.101098241537e+02 
       2.391352818220e-05       1.111790350506e+02 
       2.415413461572e-05       1.122586277594e+02 
       2.439716191559e-05       1.133487030108e+02 
       2.464263443941e-05       1.144493626698e+02 
       2.489057678985e-05       1.155607094467e+02 
       2.514101381712e-05       1.166828473610e+02 
       2.539397062146e-05       1.178158804832e+02 
       2.564947255565e-05       1.189599151305e+02 
       2.590754522758e-05       1.201150578925e+02 
       2.616821450276e-05       1.212814170594e+02 
       2.643150650697e-05       1.224591005707e+02 
       2.669744762886e-05       1.236482192009e+02 
       2.696606452256e-05       1.248488834470e+02 
       2.723738411042e-05       1.260612059943e+02 
       2.751143358564e-05       1.272852994524e+02 
       2.778824041504e-05       1.285212781094e+02 
       2.806783234179e-05       1.297692576492e+02 
       2.835023738821e-05       1.310293542458e+02 
       2.863548385854e-05       1.323016856675e+02 
       2.892360034184e-05       1.335863705479e+02 
       2.921461571480e-05       1.348835292520e+02 
       2.950855914464e-05       1.361932821905e+02 
       2.980546009208e-05       1.375157520286e+02 
       3.010534831423e-05       1.388510622912e+02 
       3.040825386762e-05       1.401993372467e+02 
       3.071420711119e-05       1.415607032966e+02 
       3.102323870932e-05       1.429352867546e+02 
       3.133537963495e-05       1.443232162946e+02 
       3.165066117264e-05       1.457246213593e+02 
       3.196911492171e-05       1.471396330247e+02 
       3.229077279943e-05       1.485683833266e+02 
       3.261566704420e-05       1.500110051572e+02 
       3.294383021880e-05       1.514676335627e+02 
       3.327529521363e-05       1.529384040637e+02 
       3.361009525001e-05       1.544234546931e+02 
       3.394826388354e-05       1.559229232219e+02 
       3.428983500741e-05       1.574369500680e+02 
       3.463484285585e-05       1.589656763875e+02 
       3.498332200754e-05       1.605092444199e+02 
       3.533530738906e-05       1.620677989348e+02 
       3.569083427841e-05       1.636414846868e+02 
       3.604993830854e-05       1.652304491311e+02 
       3.641265547092e-05       1.668348403173e+02 
       3.677902211916e-05       1.684548078755e+02 
       3.714907497262e-05       1.700905028234e+02 
       3.752285112014e-05       1.717420782305e+02 
       3.790038802370e-05       1.734096877857e+02 
       3.828172352224e-05       1.750934869481e+02 
       3.866689583539e-05       1.767936336987e+02 
       3.905594356733e-05       1.785102852288e+02 
       3.944890571066e-05       1.802436029277e+02 
       3.984582165032e-05       1.819937484417e+02 
       4.024673116751e-05       1.837608842536e+02 
       4.065167444367e-05       1.855451758645e+02 
       4.106069206456e-05       1.873467893980e+02 
       4.147382502428e-05       1.891658932162e+02 
       4.189111472939e-05       1.910026564461e+02 
       4.231260300306e-05       1.928572513159e+02 
       4.273833208928e-05       1.947298499804e+02 
       4.316834465706e-05       1.966206280012e+02 
       4.360268380473e-05       1.985297608546e+02 
       4.404139306428e-05       2.004574270351e+02 
       4.448451640565e-05       2.024038061239e+02 
       4.493209824123e-05       2.043690801016e+02 
       4.538418343023e-05       2.063534320173e+02 
       4.584081728325e-05       2.083570467409e+02 
       4.630204556675e-05       2.103801117647e+02 
       4.676791450768e-05       2.124228149209e+02 
       4.723847079811e-05       2.144853470748e+02 
       4.771376159990e-05       2.165679009179e+02 
       4.819383454943e-05       2.186706698859e+02 
       4.867873776236e-05       2.207938506136e+02 
       4.916851983850e-05       2.229376411066e+02 
       4.966322986662e-05       2.251022416384e+02 
       5.016291742941e-05       2.272878529409e+02 
       5.066763260842e-05       2.294946794590e+02 
       5.117742598912e-05       2.317229265163e+02 
       5.169234866593e-05       2.339728025918e+02 
       5.221245224737e-05       2.362445173672e+02 
       5.273778886121e-05       2.385382817393e+02 
       5.326841115971e-05       2.408543103476e+02 
       5.380437232489e-05       2.431928187803e+02 
       5.434572607386e-05       2.455540251393e+02 
       5.489252666420e-05       2.479381495720e+02 
       5.544482889943e-05       2.503454138423e+02 
       5.600268813445e-05       2.527760432515e+02 
       5.656616028111e-05       2.552302633047e+02 
       5.713530181385e-05       2.577083031121e+02 
       5.771016977530e-05       2.602103939624e+02 
       5.829082178203e-05       2.627367686330e+02 
       5.887731603033e-05       2.652876630939e+02 
       5.946971130204e-05       2.678633141456e+02 
       6.006806697040e-05       2.704639621986e+02 
       6.067244300608e-05       2.730898496265e+02 
       6.128289998310e-05       2.757412206821e+02 
       6.189949908500e-05       2.784183229200e+02 
       6.252230211087e-05       2.811214058440e+02 
       6.315137148162e-05       2.838507210682e+02 
       6.378677024619e-05       2.866065220424e+02 
       6.442856208792e-05       2.893890669883e+02 
       6.507681133087e-05       2.921986134518e+02 
       6.573158294631e-05       2.950354244097e+02 
       6.639294255922e-05       2.978997627676e+02 
       6.706095645486e-05       3.007918965245e+02 
       6.773569158544e-05       3.037120943543e+02 
       6.841721557678e-05       3.066606281177e+02 
       6.910559673516e-05       3.096377731911e+02 
       6.980090405407e-05       3.126438052442e+02 
       7.050320722124e-05       3.156790052611e+02 
       7.121257662551e-05       3.187436551182e+02 
       7.192908336398e-05       3.218380406554e+02 
       7.265279924908e-05       3.249624498563e+02 
       7.338379681576e-05       3.281171731320e+02 
       7.412214932882e-05       3.313025045090e+02 
       7.486793079020e-05       3.345187399121e+02 
       7.562121594639e-05       3.377661786343e+02 
       7.638208029598e-05       3.410451240582e+02 
       7.715060009717e-05       3.443558789367e+02 
       7.792685237544e-05       3.476987538676e+02 
       7.871091493124e-05       3.510740576603e+02 
       7.950286634786e-05       3.544821052283e+02 
       8.030278599921e-05       3.579232140023e+02 
       8.111075405784e-05       3.613977036373e+02 
       8.192685150296e-05       3.649058965263e+02 
       8.275116012856e-05       3.684481189530e+02 
       8.358376255159e-05       3.720247022683e+02 
       8.442474222025e-05       3.756359762932e+02 
       8.527418342236e-05       3.792822779902e+02 
       8.613217129381e-05       3.829639470480e+02 
       8.699879182709e-05       3.866813240273e+02 
       8.787413187988e-05       3.904347553443e+02 
       8.875827918381e-05       3.942245895212e+02 
       8.965132235320e-05       3.980511797259e+02 
       9.055335089398e-05       4.019148800842e+02 
       9.146445521264e-05       4.058160498474e+02 
       9.238472662530e-05       4.097550509301e+02 
       9.331425736686e-05       4.137322503642e+02 
       9.425314060022e-05       4.177480175727e+02 
       9.520147042569e-05       4.218027242314e+02 
       9.615934189031e-05       4.258967469849e+02 
       9.712685099750e-05       4.300304664262e+02 
       9.810409471657e-05       4.342042663678e+02 
       9.909117099251e-05       4.384185343820e+02 
       1.000881787558e-04       4.426736602394e+02 
       1.010952179323e-04       4.469700397672e+02 
       1.021123894532e-04       4.513080720321e+02 
       1.031397952654e-04       4.556881582475e+02 
       1.041775383413e-04       4.601107053570e+02 
       1.052257226896e-04       4.645761239719e+02 
       1.062844533652e-04       4.690848275967e+02 
       1.073538364804e-04       4.736372337224e+02 
       1.084339792148e-04       4.782337655348e+02 
       1.095249898265e-04       4.828748478046e+02 
       1.106269776629e-04       4.875609122886e+02 
       1.117400531716e-04       4.922923913260e+02 
       1.128643279114e-04       4.970697238387e+02 
       1.139999145635e-04       5.018933528019e+02 
       1.151469269431e-04       5.067637256813e+02 
       1.163054800102e-04       5.116812917053e+02 
       1.174756898818e-04       5.166465070417e+02 
       1.186576738430e-04       5.216598314070e+02 
       1.198515503591e-04       5.267217293010e+02 
       1.210574390871e-04       5.318326671622e+02 
       1.222754608883e-04       5.369931203459e+02 
       1.235057378397e-04       5.422035640711e+02 
       1.247483932469e-04       5.474644811849e+02 
       1.260035516559e-04       5.527763583498e+02 
       1.272713388658e-04       5.581396861483e+02 
       1.285518819417e-04       5.635549609194e+02 
       1.298453092268e-04       5.690226820410e+02 
       1.311517503560e-04       5.745433553475e+02 
       1.324713362683e-04       5.801174907868e+02 
       1.338041992202e-04       5.857456040340e+02 
       1.351504727988e-04       5.914282123449e+02 
       1.365102919355e-04       5.971658416748e+02 
       1.378837929191e-04       6.029590220403e+02 
       1.392711134099e-04       6.088082873391e+02 
       1.406723924530e-04       6.147141768763e+02 
       1.420877704927e-04       6.206772357097e+02 
       1.435173893864e-04       6.266980130145e+02 
       1.449613924187e-04       6.327770648372e+02 
       1.464199243158e-04       6.389149501947e+02 
       1.478931312603e-04       6.451122356911e+02 
       1.493811609054e-04       6.513694907428e+02 
       1.508841623900e-04       6.576872932512e+02 
       1.524022863535e-04       6.640662224154e+02 
       1.539356849511e-04       6.705068674368e+02 
       1.554845118688e-04       6.770098188083e+02 
       1.570489223390e-04       6.835756769746e+02 
       1.586290731559e-04       6.902050432826e+02 
       1.602251226912e-04       6.968985290695e+02 
       1.618372309103e-04       7.036567477330e+02 
       1.634655593879e-04       7.104803202304e+02 
       1.651102713245e-04       7.173698742481e+02 
       1.667715315625e-04       7.243260416685e+02 
       1.684495066030e-04       7.313494598132e+02 
       1.701443646224e-04       7.384407744721e+02 
       1.718562754890e-04       7.456006353686e+02 
       1.735854107804e-04       7.528296980924e+02 
       1.753319438005e-04       7.601286261959e+02 
       1.770960495969e-04       7.674980883495e+02 
       1.788779049785e-04       7.749387575292e+02 
       1.806776885329e-04       7.824513158235e+02 
       1.824955806449e-04       7.900364520463e+02 
       1.843317635142e-04       7.976948581236e+02 
       1.861864211734e-04       8.054272338600e+02 
       1.880597395071e-04       8.132342872495e+02 
       1.899519062700e-04       8.211167307659e+02 
       1.918631111060e-04       8.290752828804e+02 
       1.937935455669e-04       8.371106723846e+02 
       1.957434031321e-04       8.452236313123e+02 
       1.977128792275e-04       8.534148988967e+02 
       1.997021712453e-04       8.616852216991e+02 
       2.017114785638e-04       8.700353521983e+02 
       2.037410025674e-04       8.784660536919e+02 
       2.057909466666e-04       8.869780908577e+02 
       2.078615163186e-04       8.955722374137e+02 
       2.099529190478e-04       9.042492782813e+02 
       2.120653644667e-04       9.130099975462e+02 
       2.141990642967e-04       9.218551949282e+02 
       2.163542323894e-04       9.307856704492e+02 
       2.185310847482e-04       9.398022349346e+02 
       2.207298395498e-04       9.489057060433e+02 
       2.229507171659e-04       9.580969094021e+02 
       2.251939401859e-04       9.673766766010e+02 
       2.274597334383e-04       9.767458481834e+02 
       2.297483240140e-04       9.862052702344e+02 
       2.320599412888e-04       9.957558008333e+02 
       2.343948169462e-04       1.005398300378e+03 
       2.367531850009e-04       1.015133640828e+03 
       2.391352818220e-04       1.024962700682e+03 
       2.415413461572e-04       1.034886364657e+03 
       2.439716191559e-04       1.044905529638e+03 
       2.464263443941e-04       1.055021095528e+03 
       2.489057678985e-04       1.065233973144e+03 
       2.514101381712e-04       1.075545082665e+03 
       2.539397062146e-04       1.085955350232e+03 
       2.564947255565e-04       1.096465708129e+03 
       2.590754522758e-04       1.107077102011e+03 
       2.616821450276e-04       1.117790484640e+03 
       2.643150650697e-04       1.128606812556e+03 
       2.669744762886e-04       1.139527055421e+03 
       2.696606452256e-04       1.150552192111e+03 
       2.723738411042e-04       1.161683204270e+03 
       2.751143358564e-04       1.172921091044e+03 
       2.778824041504e-04       1.184266851694e+03 
       2.806783234179e-04       1.195721498056e+03 
       2.835023738821e-04       1.207286052649e+03 
       2.863548385854e-04       1.218961542071e+03 
       2.892360034184e-04       1.230749007987e+03 
       2.921461571479e-04       1.242649495464e+03 
       2.950855914464e-04       1.254664061708e+03 
       2.980546009208e-04       1.266793773761e+03 
       3.010534831423e-04       1.279039702269e+03 
       3.040825386762e-04       1.291402935835e+03 
       3.071420711119e-04       1.303884563649e+03 
       3.102323870932e-04       1.316485693422e+03 
       3.133537963495e-04       1.329207431722e+03 
       3.165066117264e-04       1.342050903707e+03 
       3.196911492171e-04       1.355017241939e+03 
       3.229077279943e-04       1.368107582237e+03 
       3.261566704420e-04       1.381323079918e+03 
       3.294383021880e-04       1.394664891781e+03 
       3.327529521363e-04       1.408134189696e+03 
       3.361009525001e-04       1.421732151096e+03 
       3.394826388354e-04       1.435459970575e+03 
       3.428983500741e-04       1.449318841882e+03 
       3.463484285585e-04       1.463309980800e+03 
       3.498332200754e-04       1.477434601113e+03 
       3.533530738906e-04       1.491693938183e+03 
       3.569083427841e-04       1.506089228482e+03 
       3.604993830854e-04       1.520621723495e+03 
       3.641265547092e-04       1.535292683260e+03 
       3.677902211916e-04       1.550103378550e+03 
       3.714907497262e-04       1.565055092628e+03 
       3.752285112014e-04       1.580149117223e+03 
       3.790038802370e-04       1.595386752999e+03 
       3.828172352224e-04       1.610769314415e+03 
       3.866689583538e-04       1.626298126230e+03 
       3.905594356732e-04       1.641974518483e+03 
       3.944890571066e-04       1.657799842260e+03 
       3.984582165032e-04       1.673775446851e+03 
       4.024673116750e-04       1.689902705487e+03 
       4.065167444367e-04       1.706182990226e+03 
       4.106069206456e-04       1.722617693933e+03 
       4.147382502428e-04       1.739208215912e+03 
       4.189111472939e-04       1.755955962256e+03 
       4.231260300306e-04       1.772862360498e+03 
       4.273833208928e-04       1.789928839868e+03 
       4.316834465706e-04       1.807156847796e+03 
       4.360268380473e-04       1.824547835754e+03 
       4.404139306427e-04       1.842103274734e+03 
       4.448451640565e-04       1.859824637211e+03 
       4.493209824123e-04       1.877713418216e+03 
       4.538418343023e-04       1.895771115535e+03 
       4.584081728325e-04       1.913999244739e+03 
       4.630204556675e-04       1.932399325530e+03 
       4.676791450768e-04       1.950972894177e+03 
       4.723847079811e-04       1.969721500525e+03 
       4.771376159990e-04       1.988646701700e+03 
       4.819383454943e-04       2.007750069009e+03 
       4.867873776236e-04       2.027033183645e+03 
       4.916851983850e-04       2.046497643103e+03 
       4.966322986662e-04       2.066145047036e+03 
       5.016291742941e-04       2.085977015703e+03 
       5.066763260842e-04       2.105995183941e+03 
       5.117742598912e-04       2.126201185089e+03 
       5.169234866593e-04       2.146596677295e+03 
       5.221245224737e-04       2.167183328841e+03 
       5.273778886121e-04       2.187962810791e+03 
       5.326841115971e-04       2.208936815368e+03 
       5.380437232489e-04       2.230107045104e+03 
       5.434572607386e-04       2.251475217284e+03 
       5.489252666420e-04       2.273043052416e+03 
       5.544482889943e-04       2.294812290757e+03 
       5.600268813445e-04       2.316784679527e+03 
       5.656616028111e-04       2.338961991215e+03 
       5.713530181385e-04       2.361345991122e+03 
       5.771016977529e-04       2.383938467719e+03 
       5.829082178203e-04       2.406741224335e+03 
       5.887731603033e-04       2.429756073526e+03 
       5.946971130203e-04       2.452984832291e+03 
       6.006806697040e-04       2.476429345801e+03 
       6.067244300607e-04       2.500091454822e+03 
       6.128289998310e-04       2.523973027500e+03 
       6.189949908500e-04       2.548075935645e+03 
       6.252230211087e-04       2.572402060531e+03 
       6.315137148161e-04       2.596953306978e+03 
       6.378677024619e-04       2.621731580974e+03 
       6.442856208792e-04       2.646738810314e+03 
       6.507681133087e-04       2.671976922922e+03 
       6.573158294631e-04       2.697447876167e+03 
       6.639294255922e-04       2.723153619864e+03 
       6.706095645486e-04       2.749096134248e+03 
       6.773569158544e-04       2.775277403736e+03 
       6.841721557678e-04       2.801699417842e+03 
       6.910559673515e-04       2.828364196084e+03 
       6.980090405407e-04       2.855273755430e+03 
       7.050320722124e-04       2.882430123363e+03 
       7.121257662551e-04       2.909835355876e+03 
       7.192908336398e-04       2.937491506862e+03 
       7.265279924907e-04       2.965400647141e+03 
       7.338379681576e-04       2.993564857757e+03 
       7.412214932882e-04       3.021986232310e+03 
       7.486793079019e-04       3.050666877366e+03 
       7.562121594639e-04       3.079608910377e+03 
       7.638208029598e-04       3.108814457392e+03 
       7.715060009717e-04       3.138285670681e+03 
       7.792685237543e-04       3.168024697261e+03 
       7.871091493124e-04       3.198033697394e+03 
       7.950286634786e-04       3.228314849823e+03 
       8.030278599921e-04       3.258870346219e+03 
       8.111075405784e-04       3.289702376853e+03 
       8.192685150296e-04       3.320813162963e+03 
       8.275116012856e-04       3.352204911109e+03 
       8.358376255159e-04       3.383879864247e+03 
       8.442474222025e-04       3.415840262451e+03 
       8.527418342236e-04       3.448088352930e+03 
       8.613217129381e-04       3.480626411102e+03 
       8.699879182709e-04       3.513456698758e+03 
       8.787413187988e-04       3.546581504501e+03 
       8.875827918380e-04       3.580003119753e+03 
       8.965132235320e-04       3.613723855094e+03 
       9.055335089398e-04       3.647746018110e+03 
       9.146445521264e-04       3.682071935588e+03 
       9.238472662530e-04       3.716703941718e+03 
       9.331425736685e-04       3.751644372681e+03 
       9.425314060022e-04       3.786895581814e+03 
       9.520147042568e-04       3.822459932071e+03 
       9.615934189031e-04       3.858339780146e+03 
       9.712685099750e-04       3.894537510024e+03 
       9.810409471657e-04       3.931055508382e+03 
       9.909117099251e-04       3.967896154246e+03 
       1.000881787558e-03       4.005061858594e+03 
       1.010952179323e-03       4.042555021987e+03 
       1.021123894532e-03       4.080378057646e+03 
       1.031397952654e-03       4.118533390180e+03 
       1.041775383413e-03       4.157023437055e+03 
       1.052257226896e-03       4.195850635837e+03 
       1.062844533652e-03       4.235017431027e+03 
       1.073538364804e-03       4.274526250254e+03 
       1.084339792148e-03       4.314379550442e+03 
       1.095249898265e-03       4.354579788897e+03 
       1.106269776629e-03       4.395129417131e+03 
       1.117400531716e-03       4.436030897559e+03 
       1.128643279114e-03       4.477286701837e+03 
       1.139999145635e-03       4.518899291149e+03 
       1.151469269431e-03       4.560871138720e+03 
       1.163054800102e-03       4.603204730583e+03 
       1.174756898818e-03       4.645902530033e+03 
       1.186576738430e-03       4.688967023042e+03 
       1.198515503591e-03       4.732400694287e+03 
       1.210574390871e-03       4.776206019094e+03 
       1.222754608883e-03       4.820385478510e+03 
       1.235057378397e-03       4.864941568544e+03 
       1.247483932469e-03       4.909876761630e+03 
       1.260035516559e-03       4.955193542915e+03 
       1.272713388658e-03       5.000894396173e+03 
       1.285518819417e-03       5.046981801949e+03 
       1.298453092268e-03       5.093458232855e+03 
       1.311517503560e-03       5.140326181441e+03 
       1.324713362683e-03       5.187588101569e+03 
       1.338041992202e-03       5.235246483397e+03 
       1.351504727988e-03       5.283303776380e+03 
       1.365102919355e-03       5.331762447761e+03 
       1.378837929191e-03       5.380624958435e+03 
       1.392711134098e-03       5.429893769513e+03 
       1.406723924530e-03       5.479571309441e+03 
       1.420877704927e-03       5.529660033752e+03 
       1.435173893864e-03       5.580162363386e+03 
       1.449613924187e-03       5.631080734678e+03 
       1.464199243158e-03       5.682417549195e+03 
       1.478931312603e-03       5.734175231915e+03 
       1.493811609054e-03       5.786356164381e+03 
       1.508841623900e-03       5.838962751732e+03 
       1.524022863535e-03       5.891997357224e+03 
       1.539356849511e-03       5.945462348868e+03 
       1.554845118688e-03       5.999360074913e+03 
       1.570489223390e-03       6.053692895241e+03 
       1.586290731559e-03       6.108463110509e+03 
       1.602251226912e-03       6.163673045730e+03 
       1.618372309103e-03       6.219324987200e+03 
       1.634655593879e-03       6.275421214262e+03 
       1.651102713245e-03       6.331963993208e+03 
       1.667715315625e-03       6.388955570582e+03 
       1.684495066030e-03       6.446398160329e+03 
       1.701443646224e-03       6.504293964048e+03 
       1.718562754890e-03       6.562645178440e+03 
       1.735854107804e-03       6.621453958367e+03 
       1.753319438005e-03       6.680722437861e+03 
       1.770960495969e-03       6.740452733528e+03 
       1.788779049785e-03       6.800646934773e+03 
       1.806776885329e-03       6.861307121288e+03 
       1.824955806449e-03       6.922435317002e+03 
       1.843317635142e-03       6.984033534273e+03 
       1.861864211734e-03       7.046103761256e+03 
       1.880597395071e-03       7.108647949392e+03 
       1.899519062700e-03       7.171668022373e+03 
       1.918631111059e-03       7.235165870685e+03 
       1.937935455669e-03       7.299143357164e+03 
       1.957434031321e-03       7.363602306683e+03 
       1.977128792275e-03       7.428544510472e+03 
       1.997021712453e-03       7.493971726092e+03 
       2.017114785638e-03       7.559885674240e+03 
       2.037410025674e-03       7.626288036833e+03 
       2.057909466666e-03       7.693180458509e+03 
       2.078615163186e-03       7.760564540188e+03 
       2.099529190478e-03       7.828441849604e+03 
       2.120653644667e-03       7.896813905595e+03 
       2.141990642967e-03       7.965682182275e+03 
       2.163542323894e-03       8.035048119836e+03 
       2.185310847482e-03       8.104913098306e+03 
       2.207298395497e-03       8.175278468217e+03 
       2.229507171659e-03       8.246145511378e+03 
       2.251939401859e-03       8.317515473861e+03 
       2.274597334383e-03       8.389389547527e+03 
       2.297483240140e-03       8.461768870560e+03 
       2.320599412888e-03       8.534654525307e+03 
       2.343948169462e-03       8.608047550487e+03 
       2.367531850009e-03       8.681948914246e+03 
       2.391352818220e-03       8.756358279666e+03 
       2.415413461572e-03       8.831273309020e+03 
       2.439716191559e-03       8.906698902693e+03 
       2.464263443941e-03       8.982635787280e+03 
       2.489057678985e-03       9.059084616093e+03 
       2.514101381712e-03       9.136045989006e+03 
       2.539397062146e-03       9.213520426333e+03 
       2.564947255565e-03       9.291508387547e+03 
       2.590754522757e-03       9.370010266185e+03 
       2.616821450276e-03       9.449026372807e+03 
       2.643150650697e-03       9.528556948741e+03 
       2.669744762886e-03       9.608602165907e+03 
       2.696606452256e-03       9.689162107347e+03 
       2.723738411042e-03       9.770236798491e+03 
       2.751143358564e-03       9.851826162956e+03 
       2.778824041504e-03       9.933930054128e+03 
       2.806783234179e-03       1.001654823745e+04 
       2.835023738821e-03       1.009968039891e+04 
       2.863548385854e-03       1.018332612906e+04 
       2.892360034184e-03       1.026748493847e+04 
       2.921461571479e-03       1.035215624136e+04 
       2.950855914464e-03       1.043733936214e+04 
       2.980546009208e-03       1.052303352014e+04 
       3.010534831423e-03       1.060923785056e+04 
       3.040825386762e-03       1.069595138066e+04 
       3.071420711119e-03       1.078317304474e+04 
       3.102323870932e-03       1.087090166420e+04 
       3.133537963495e-03       1.095913595641e+04 
       3.165066117264e-03       1.104787453538e+04 
       3.196911492171e-03       1.113711590618e+04 
       3.229077279943e-03       1.122685846323e+04 
       3.261566704420e-03       1.131710046973e+04 
       3.294383021880e-03       1.140784009767e+04 
       3.327529521363e-03       1.149907538413e+04 
       3.361009525001e-03       1.159080425788e+04 
       3.394826388353e-03       1.168302450450e+04 
       3.428983500741e-03       1.177573381112e+04 
       3.463484285585e-03       1.186892971612e+04 
       3.498332200754e-03       1.196260964667e+04 
       3.533530738906e-03       1.205677087995e+04 
       3.569083427841e-03       1.215141058173e+04 
       3.604993830854e-03       1.224652575255e+04 
       3.641265547092e-03       1.234211327974e+04 
       3.677902211916e-03       1.243816990002e+04 
       3.714907497262e-03       1.253469221095e+04 
       3.752285112014e-03       1.263167665326e+04 
       3.790038802370e-03       1.272911954667e+04 
       3.828172352224e-03       1.282701702890e+04 
       3.866689583538e-03       1.292536510490e+04 
       3.905594356732e-03       1.302415963193e+04 
       3.944890571066e-03       1.312339629748e+04 
       3.984582165032e-03       1.322307064244e+04 
       4.024673116750e-03       1.332317803843e+04 
       4.065167444367e-03       1.342371371191e+04 
       4.106069206456e-03       1.352467270480e+04 
       4.147382502428e-03       1.362604991173e+04 
       4.189111472939e-03       1.372784004243e+04 
       4.231260300306e-03       1.383003766066e+04 
       4.273833208928e-03       1.393263711613e+04 
       4.316834465706e-03       1.403563264154e+04 
       4.360268380473e-03       1.413901824520e+04 
       4.404139306427e-03       1.424278778367e+04 
       4.448451640565e-03       1.434693489143e+04 
       4.493209824122e-03       1.445145308440e+04 
       4.538418343023e-03       1.455633563992e+04 
       4.584081728325e-03       1.466157563714e+04 
       4.630204556675e-03       1.476716602097e+04 
       4.676791450768e-03       1.487309948137e+04 
       4.723847079811e-03       1.497936760526e+04 
       4.771376159990e-03       1.508596278978e+04 
       4.819383454942e-03       1.519287603289e+04 
       4.867873776236e-03       1.530010608623e+04 
       4.916851983850e-03       1.540763877070e+04 
       4.966322986662e-03       1.551546667607e+04 
       5.016291742941e-03       1.562358159112e+04 
       5.066763260842e-03       1.573197390337e+04 
       5.117742598912e-03       1.584063419905e+04 
       5.169234866593e-03       1.594955356709e+04 
       5.221245224737e-03       1.605872214133e+04 
       5.273778886121e-03       1.616812936005e+04 
       5.326841115971e-03       1.627776727176e+04 
       5.380437232489e-03       1.638762307035e+04 
       5.434572607386e-03       1.649768724097e+04 
       5.489252666420e-03       1.660794896158e+04 
       5.544482889943e-03       1.671839701344e+04 
       5.600268813444e-03       1.682902004911e+04 
       5.656616028111e-03       1.693980665774e+04 
       5.713530181385e-03       1.705074505412e+04 
       5.771016977529e-03       1.716182304152e+04 
       5.829082178203e-03       1.727302822704e+04 
       5.887731603033e-03       1.738434805541e+04 
       5.946971130203e-03       1.749576971143e+04 
       6.006806697040e-03       1.760727997352e+04 
       6.067244300607e-03       1.771886557013e+04 
       6.128289998310e-03       1.783051279292e+04 
       6.189949908500e-03       1.794220778538e+04 
       6.252230211087e-03       1.805393625259e+04 
       6.315137148161e-03       1.816568380084e+04 
       6.378677024619e-03       1.827743579138e+04 
       6.442856208792e-03       1.838917708378e+04 
       6.507681133087e-03       1.850089245133e+04 
       6.573158294631e-03       1.861256634671e+04 
       6.639294255921e-03       1.872418281191e+04 
       6.706095645486e-03       1.883572604164e+04 
       6.773569158544e-03       1.894717930225e+04 
       6.841721557678e-03       1.905852578133e+04 
       6.910559673515e-03       1.916974856692e+04 
       6.980090405407e-03       1.928083047381e+04 
       7.050320722124e-03       1.939175377292e+04 
       7.121257662551e-03       1.950250046099e+04 
       7.192908336398e-03       1.961305243653e+04 
       7.265279924907e-03       1.972339108385e+04 
       7.338379681576e-03       1.983349738858e+04 
       7.412214932882e-03       1.994335227996e+04 
       7.486793079019e-03       2.005293617183e+04 
       7.562121594639e-03       2.016222917961e+04 
       7.638208029598e-03       2.027121106162e+04 
       7.715060009717e-03       2.037986142167e+04 
       7.792685237543e-03       2.048815934410e+04 
       7.871091493124e-03       2.059608368332e+04 
       7.950286634786e-03       2.070361294626e+04 
       8.030278599920e-03       2.081072531738e+04 
       8.111075405784e-03       2.091739857642e+04 
       8.192685150296e-03       2.102361038902e+04 
       8.275116012856e-03       2.112933797338e+04 
       8.358376255159e-03       2.123455813349e+04 
       8.442474222024e-03       2.133924739445e+04 
       8.527418342236e-03       2.144338214875e+04 
       8.613217129381e-03       2.154693830971e+04 
       8.699879182709e-03       2.164989142956e+04 
       8.787413187988e-03       2.175221676904e+04 
       8.875827918380e-03       2.185388937906e+04 
       8.965132235319e-03       2.195488369651e+04 
       9.055335089398e-03       2.205517412640e+04 
       9.146445521264e-03       2.215473460085e+04 
       9.238472662530e-03       2.225353856656e+04 
       9.331425736685e-03       2.235155943234e+04 
       9.425314060022e-03       2.244876997043e+04 
       9.520147042568e-03       2.254514264641e+04 
       9.615934189031e-03       2.264064973029e+04 
       9.712685099750e-03       2.273526264763e+04 
       9.810409471657e-03       2.282895493244e+04 
       9.909117099251e-03       2.292171351852e+04 
       1.000881787558e-02       2.301350833669e+04 
       1.010952179323e-02       2.310429841706e+04 
       1.021123894532e-02       2.319405070758e+04 
       1.031397952654e-02       2.328273463838e+04 
       1.041775383413e-02       2.337031979510e+04 
       1.052257226896e-02       2.345677571354e+04 
       1.062844533652e-02       2.354207157041e+04 
       1.073538364804e-02       2.362617594955e+04 
       1.084339792148e-02       2.370905753992e+04 
       1.095249898265e-02       2.379068476143e+04 
       1.106269776629e-02       2.387102554874e+04 
       1.117400531716e-02       2.395004755365e+04 
       1.128643279114e-02       2.402771879936e+04 
       1.139999145635e-02       2.410400572136e+04 
       1.151469269431e-02       2.417887567927e+04 
       1.163054800102e-02       2.425229501197e+04 
       1.174756898818e-02       2.432423042664e+04 
       1.186576738430e-02       2.439464746503e+04 
       1.198515503591e-02       2.446351252043e+04 
       1.210574390871e-02       2.453079037256e+04 
       1.222754608883e-02       2.459644685400e+04 
       1.235057378397e-02       2.466044734729e+04 
       1.247483932469e-02       2.472275715273e+04 
       1.260035516559e-02       2.478334111406e+04 
       1.272713388658e-02       2.484216455448e+04 
       1.285518819417e-02       2.489919240181e+04 
       1.298453092268e-02       2.495439039966e+04 
       1.311517503560e-02       2.500772351217e+04 
       1.324713362683e-02       2.505915738996e+04 
       1.338041992202e-02       2.510865743023e+04 
       1.351504727988e-02       2.515618848122e+04 
       1.365102919355e-02       2.520171483165e+04 
       1.378837929191e-02       2.524519844877e+04 
       1.392711134099e-02       2.528660316097e+04 
       1.406723924530e-02       2.532589356529e+04 
       1.420877704928e-02       2.536303442676e+04 
       1.435173893865e-02       2.539799073661e+04 
       1.449613924188e-02       2.543072835050e+04 
       1.464199243160e-02       2.546121239962e+04 
       1.478931312606e-02       2.548940817261e+04 
       1.493811609058e-02       2.551528160762e+04 
       1.508841623906e-02       2.553879849606e+04 
       1.524022863545e-02       2.555992427573e+04 
       1.539356849525e-02       2.557862609871e+04 
       1.554845118709e-02       2.559487079325e+04 
       1.570489223420e-02       2.560862506162e+04 
       1.586290731602e-02       2.561985673705e+04 
       1.602251226974e-02       2.562853342566e+04 
       1.618372309191e-02       2.563462453896e+04 
       1.634655594003e-02       2.563809811670e+04 
       1.651102713420e-02       2.563892531838e+04 
       1.667715315872e-02       2.563707450377e+04 
       1.684495066376e-02       2.563251766232e+04 
       1.701443646707e-02       2.562522664881e+04 
       1.718562755563e-02       2.561517349838e+04 
       1.735854108737e-02       2.560233159520e+04 
       1.753319439294e-02       2.558667478305e+04 
       1.770960497743e-02       2.556817842559e+04 
       1.788779052217e-02       2.554681857745e+04 
       1.806776888652e-02       2.552257207897e+04 
       1.824955810974e-02       2.549541625619e+04 
       1.843317641278e-02       2.546533099247e+04 
       1.861864220028e-02       2.543229660720e+04 
       1.880597406242e-02       2.539629447846e+04 
       1.899519077694e-02       2.535730720627e+04 
       1.918631131115e-02       2.531531951169e+04 
       1.937935482402e-02       2.527031654355e+04 
       1.957434066834e-02       2.522228550593e+04 
       1.977128839293e-02       2.517121463021e+04 
       1.997021774496e-02       2.511709449178e+04 
       2.017114867236e-02       2.505991704456e+04 
       2.037410132640e-02       2.499967609889e+04 
       2.057909606431e-02       2.493636547205e+04 
       2.078615345221e-02       2.486998346571e+04 
       2.099529426811e-02       2.480052933530e+04 
       2.120653950525e-02       2.472800293984e+04 
       2.141991037565e-02       2.465240767337e+04 
       2.163542831401e-02       2.457374914932e+04 
       2.185311498200e-02       2.449203435782e+04 
       2.207299227302e-02       2.440727210953e+04 
       2.229508231740e-02       2.431947451328e+04 
       2.251940748829e-02       2.422865552897e+04 
       2.274599040823e-02       2.413483088796e+04 
       2.297485395652e-02       2.403801998160e+04 
       2.320602127751e-02       2.393824356871e+04 
       2.343951579003e-02       2.383552524177e+04 
       2.367536119799e-02       2.372989192554e+04 
       2.391358150240e-02       2.362137192663e+04 
       2.415420101504e-02       2.350999568419e+04 
       2.439724437383e-02       2.339579989617e+04 
       2.464273656039e-02       2.327881938907e+04 
       2.489070291979e-02       2.315909419455e+04 
       2.514116918296e-02       2.303666740173e+04 
       2.539416149196e-02       2.291158260384e+04 
       2.564970642845e-02       2.278388877476e+04 
       2.590783104583e-02       2.265363615853e+04 
       2.616856290522e-02       2.252087792599e+04 
       2.643193011593e-02       2.238567183266e+04 
       2.669796138061e-02       2.224807477154e+04 
       2.696668604577e-02       2.210814844567e+04 
       2.723813415798e-02       2.196595947025e+04 
       2.751233652633e-02       2.182157311603e+04 
       2.778932479167e-02       2.167505825521e+04 
       2.806913150320e-02       2.152648966006e+04 
       2.835179020290e-02       2.137593923157e+04 
       2.863733551848e-02       2.122348636779e+04 
       2.892580326543e-02       2.106920878793e+04 
       2.921723055872e-02       2.091318852456e+04 
       2.951165593490e-02       2.075551093740e+04 
       2.980911948510e-02       2.059626060406e+04 
       3.010966299973e-02       2.043552460895e+04 
       3.041333012542e-02       2.027339438343e+04 
       3.072016653497e-02       2.010995896931e+04 
       3.103022011091e-02       1.994531336233e+04 
       3.134354114342e-02       1.977955160990e+04 
       3.166018254332e-02       1.961276704377e+04 
       3.198020007081e-02       1.944505727625e+04 
       3.230365258077e-02       1.927652188235e+04 
       3.263060228532e-02       1.910725584444e+04 
       3.296111503455e-02       1.893736011354e+04 
       3.329526061613e-02       1.876693340447e+04 
       3.363311307484e-02       1.859607518147e+04 
       3.397475105289e-02       1.842488453822e+04 
       3.432025815210e-02       1.825346220633e+04 
       3.466972331907e-02       1.808190717880e+04 
       3.502324125458e-02       1.791031845549e+04 
       3.538091284855e-02       1.773879404021e+04 
       3.574284564209e-02       1.756743372119e+04 
       3.610915431833e-02       1.739633251017e+04 
       3.647996122380e-02       1.722558782491e+04 
       3.685539692260e-02       1.705529291769e+04 
       3.723560078550e-02       1.688554459619e+04 
       3.762072161669e-02       1.671643335079e+04 
       3.801091832101e-02       1.654805182460e+04 
       3.840636061500e-02       1.638048857293e+04 
       3.880722978527e-02       1.621383216300e+04 
       3.921371949834e-02       1.604816910206e+04 
       3.962603666634e-02       1.588358361059e+04 
       4.004440237380e-02       1.572016027847e+04 
       4.046905287085e-02       1.555797749648e+04 
       4.090024063926e-02       1.539711588472e+04 
       4.133823553801e-02       1.523765173296e+04 
       4.178332603626e-02       1.507965874770e+04 
       4.223582054184e-02       1.492321076011e+04 
       4.269604883492e-02       1.476837516580e+04 
       4.316436361690e-02       1.461521988493e+04 
       4.364114218613e-02       1.446380879239e+04 
       4.412678825272e-02       1.431420166196e+04 
       4.462173390643e-02       1.416645489325e+04 
       4.512644175274e-02       1.402062223247e+04 
       4.564140723364e-02       1.387675127276e+04 
       4.616716115137e-02       1.373488441825e+04 
       4.670427241502e-02       1.359505899133e+04 
       4.725335103167e-02       1.345730280823e+04 
       4.781505136559e-02       1.332164015467e+04 
       4.839007569105e-02       1.318808006769e+04 
       4.897917806630e-02       1.305662430456e+04 
       4.958316855824e-02       1.292725808073e+04 
       5.020291784930e-02       1.279995426827e+04 
       5.083936225972e-02       1.267466418673e+04 
       5.149350922021e-02       1.255131812950e+04 
       5.216644323079e-02       1.242982124001e+04 
       5.285933234218e-02       1.231004626795e+04 
       5.357343519576e-02       1.219182990402e+04 
       5.431010865616e-02       1.207496680646e+04 
       5.507081606722e-02       1.195920270151e+04 
       5.585713615618e-02       1.184422281075e+04 
       5.667077260203e-02       1.172964623110e+04 
       5.751356427109e-02       1.161501356020e+04 
       5.838749610484e-02       1.149977606224e+04 
       5.929471062063e-02       1.138328257138e+04 
       6.023751995332e-02       1.126476733729e+04 
       6.121841832367e-02       1.114333708071e+04 
       6.224009476536e-02       1.101795812330e+04 
       6.330544587432e-02       1.088744815955e+04 
       6.441758826124e-02       1.075046845679e+04 
       6.557987028704e-02       1.060552459527e+04 
       6.679588254374e-02       1.045097455077e+04 
       6.806946640855e-02       1.028505083275e+04 
       6.940471985273e-02       1.010589884787e+04 
       7.080599953525e-02       9.911637423318e+03 
       7.227791806725e-02       9.700446572656e+03 
       7.382533521732e-02       9.470687290687e+03 
       7.545334176426e-02       9.221054485168e+03 
       7.716723473055e-02       8.950763795277e+03 
       7.897248288506e-02       8.659764333736e+03 
       8.087468173276e-02       8.348964538642e+03 
       8.287949775047e-02       8.020445745045e+03 
       8.499260240297e-02       7.677625730798e+03 
       8.721959747571e-02       7.325335741243e+03 
       8.956593443304e-02       6.969754700752e+03 
       9.203683174398e-02       6.618164093637e+03 
       9.463719523929e-02       6.278494872774e+03 
       9.737154736226e-02       5.958678735078e+03 
       1.002439714315e-01       5.665829715416e+03 
       1.032580765764e-01       5.405352542004e+03 
       1.064169877647e-01       5.180057581369e+03 
       1.097233634059e-01       4.989407715232e+03 
       1.131794406086e-01       4.829022135156e+03 
       1.167871056626e-01       4.690601135076e+03 
       1.205479850974e-01       4.562480919545e+03 
       1.244635510647e-01       4.431029244722e+03 
       1.285352340301e-01       4.282943792331e+03 
       1.327645358355e-01       4.108171797187e+03 
       1.371531369992e-01       3.902712527280e+03 
       1.417029933948e-01       3.670282678296e+03 
       1.464164189226e-01       3.422021174340e+03 
       1.512961522002e-01       3.174054156423e+03 
       1.563454064709e-01       2.943543903512e+03 
       1.615679027575e-01       2.744353014467e+03 
       1.669678867502e-01       2.583533319003e+03 
       1.725501300370e-01       2.459520827777e+03 
       1.783199161271e-01       2.362475912207e+03 
       1.842830113529e-01       2.277386215702e+03 
       1.904456202401e-01       2.187564677962e+03 
       1.968143243741e-01       2.079588652642e+03 
       2.033960032311e-01       1.950703604989e+03 
       2.101977349404e-01       1.809549852122e+03 
       2.172266745725e-01       1.670935539318e+03 
       2.244899073750e-01       1.548335170118e+03 
       2.319942745030e-01       1.449015075043e+03 
       2.397461693143e-01       1.371577501677e+03 
       2.477513033434e-01       1.306092112084e+03 
       2.560144427539e-01       1.239617571996e+03 
       2.645391184879e-01       1.164186820782e+03 
       2.733273165201e-01       1.080566102277e+03 
       2.823791585164e-01       9.970139407875e+02 
       2.916925875512e-01       9.232762823978e+02 
       3.012630779153e-01       8.626827651591e+02 
       3.110833917812e-01       8.111417544210e+02 
       3.211434077227e-01       7.617006981238e+02 
       3.314300458870e-01       7.096216822383e+02 
       3.419273112063e-01       6.561911616999e+02 
       3.526164690153e-01       6.059053634758e+02 
       3.634763570876e-01       5.618547011253e+02 
       3.744838254668e-01       5.234729573837e+02 
       3.856142823348e-01       4.875973183834e+02 
       3.968423127085e-01       4.523634196363e+02 
       4.081423290453e-01       4.179924912016e+02 
       4.194892102851e-01       3.859801236424e+02 
       4.308588888099e-01       3.570613753695e+02 
       4.422288525046e-01       3.308652643656e+02 
       4.535785399261e-01       3.065086074289e+02 
       4.648896184961e-01       2.833179647659e+02 
       4.761461467416e-01       2.613641082839e+02 
       4.873346305141e-01       2.409308499466e+02 
       4.984439891295e-01       2.222388824610e+02 
       5.094654504295e-01       2.050314186634e+02 
       5.203923942848e-01       1.889935438116e+02 
       5.312201627040e-01       1.739156821605e+02 
       5.419458522001e-01       1.597786396914e+02 
       5.525681010165e-01       1.466399602084e+02 
       5.630868807157e-01       1.344471045165e+02 
       5.735032987906e-01       1.231456726560e+02 
       5.838194165429e-01       1.126130908341e+02 
       5.940380845397e-01       1.027751164397e+02 
       6.041627965009e-01       9.358718371066e+01 
       6.141975614290e-01       8.500963594497e+01 
       6.241467930943e-01       7.703898683897e+01 
       6.340152155627e-01       6.963003392561e+01 
       6.438077832330e-01       6.274408383666e+01 
       6.535296137695e-01       5.634616002523e+01 
       6.631859323378e-01       5.039379181050e+01 
       6.727820256333e-01       4.487313624597e+01 
       6.823232043131e-01       3.976028223764e+01 
       6.918147725762e-01       3.503429450674e+01 
       7.012620037808e-01       3.068308596796e+01 
       7.106701211256e-01       2.668039836391e+01 
       7.200442825502e-01       2.301095502230e+01 
       7.293895691312e-01       1.966093221620e+01 
       7.387109763548e-01       1.661200983322e+01 
       7.480134077423e-01       1.385653286276e+01 
       7.573016703861e-01       1.138191724631e+01 
       7.665804720266e-01       9.175672627323e+00 
       7.758544193581e-01       7.230605987300e+00 
       7.851280173093e-01       5.534935739330e+00 
       7.944056690824e-01       4.080382572893e+00 
       8.036916767777e-01       2.860097238104e+00 
       8.129902424589e-01       1.865087662784e+00 
       8.223054695432e-01       1.089158909414e+00 
       8.316413644216e-01       5.256569297017e-01 
       8.410018382343e-01       1.676455313582e-01 
       8.503907087415e-01       9.448414025332e-03 
       8.598117022450e-01       4.492935391419e-02 
       8.692684555230e-01       2.685493066134e-01 
       8.787645177551e-01       6.744451026154e-01 
       8.883033524175e-01       1.257519723556e+00 
       8.978883391379e-01       2.012126896635e+00 
       9.075227755021e-01       2.932465440104e+00 
       9.172098788122e-01       4.014013811935e+00 
       9.269527877948e-01       5.250134969571e+00 
       9.367545642654e-01       6.635869531136e+00 
       9.466181947535e-01       8.165918198305e+00 
       9.565465920966e-01       9.833018761268e+00 
       9.665425970109e-01       1.163289675383e+01 
       9.766089796485e-01       1.355769609622e+01 
       9.867484411507e-01       1.560144550112e+01 
       9.969636152062e-01       1.775834808772e+01 
       1.007257069624e+00       2.001928714329e+01 
       1.017631307931e+00       2.237925595423e+01 
       1.028088770998e+00       2.482857482668e+01 
       1.038631838705e+00       2.736030589202e+01 
       1.049262831656e+00       2.996668240349e+01 
       1.059984012935e+00       3.263664629612e+01 
       1.070797589918e+00       3.536441091016e+01 
       1.081705716147e+00       3.813719065291e+01 
       1.092710493249e+00       4.094793562122e+01 
       1.103813972920e+00       4.378471145168e+01 
       1.115018158958e+00       4.663746523132e+01 
       1.126325009355e+00       4.949613610049e+01 
       1.137736438430e+00       5.234723980563e+01 
       1.149254319008e+00       5.518263470770e+01 
       1.160880484635e+00       5.798657969907e+01 
       1.172616731826e+00       6.075087884038e+01 
       1.184464822335e+00       6.345998293856e+01 
       1.196426485436e+00       6.610421163351e+01 
       1.208503420217e+00       6.866826313446e+01 
       1.220697297867e+00       7.114214379380e+01 
       1.233009763958e+00       7.351084504447e+01 
       1.245442440697e+00       7.576375851113e+01 
       1.257996929164e+00       7.788616078572e+01 
       1.270674811508e+00       7.986768132046e+01 
       1.283477653091e+00       8.169433076403e+01 
       1.296407004598e+00       8.335561896535e+01 
       1.309464404077e+00       8.483874504653e+01 
       1.322651378923e+00       8.613459588280e+01 
       1.335969447785e+00       8.723042854352e+01 
       1.349420122415e+00       8.811883176792e+01 
       1.363004909424e+00       8.878824725010e+01 
       1.376725311974e+00       8.923357171640e+01 
       1.390582831381e+00       8.944454132060e+01 
       1.404578968636e+00       8.941735189581e+01 
       1.418715225851e+00       8.914634557553e+01 
       1.432993107612e+00       8.862756980695e+01 
       1.447414122260e+00       8.785949055784e+01 
       1.461979783089e+00       8.684020064772e+01 
       1.476691609466e+00       8.557213211200e+01 
       1.491551127877e+00       8.405561182883e+01 
       1.506559872897e+00       8.229658180180e+01 
       1.521719388099e+00       8.029944716408e+01 
       1.537031226885e+00       7.807224390797e+01 
       1.552496953270e+00       7.562434700523e+01 
       1.568118142592e+00       7.296652533115e+01 
       1.583896382180e+00       7.011294834949e+01 
       1.599833271964e+00       6.707778410204e+01 
       1.615930425044e+00       6.387757399880e+01 
       1.632189468205e+00       6.053208364231e+01 
       1.648612042409e+00       5.706012571935e+01 
       1.665199803237e+00       5.348460337120e+01 
       1.681954421304e+00       4.982903839693e+01 
       1.698877582649e+00       4.611712511576e+01 
       1.715970989091e+00       4.237585238854e+01 
       1.733236358566e+00       3.863215689519e+01 
       1.750675425445e+00       3.491332307908e+01 
       1.768289940834e+00       3.124767916335e+01 
       1.786081672849e+00       2.766435905462e+01 
       1.804052406896e+00       2.419138102427e+01 
       1.822203945920e+00       2.085701131573e+01 
       1.840538110655e+00       1.768921915812e+01 
       1.859056739864e+00       1.471453253474e+01 
       1.877761690571e+00       1.195785518307e+01 
       1.896654838285e+00       9.443141903465e+00 
       1.915738077225e+00       7.191893597742e+00 
       1.935013320536e+00       5.223124960373e+00 
       1.954482500502e+00       3.553063960921e+00 
       1.974147568765e+00       2.194962210970e+00 
       1.994010496530e+00       1.158566699020e+00 
       2.014073274778e+00       4.498063597540e-01 
       2.034337914480e+00       7.062434975842e-02 
       2.054806446801e+00       1.878382236419e-02 
       2.075480923314e+00       2.876512788319e-01 
       2.096363416212e+00       8.660710156486e-01 
       2.117456018520e+00       1.738350129321e+00 
       2.138760844305e+00       2.884295635413e+00 
       2.160280028896e+00       4.279318507200e+00 
       2.182015729097e+00       5.894575567226e+00 
       2.203970123405e+00       7.697278389370e+00 
       2.226145412233e+00       9.651015624786e+00 
       2.248543818128e+00       1.171627184362e+01 
       2.271167585996e+00       1.385095366073e+01 
       2.294018983328e+00       1.601097015746e+01 
       2.317100300428e+00       1.815102964324e+01 
       2.340413850642e+00       2.022538619814e+01 
       2.363961970592e+00       2.218852372777e+01 
       2.387747020407e+00       2.399638268339e+01 
       2.411771383963e+00       2.560704741610e+01 
       2.436037469122e+00       2.698175849845e+01 
       2.460547707972e+00       2.808591555358e+01 
       2.485304557069e+00       2.889000157796e+01 
       2.510310497689e+00       2.937032337484e+01 
       2.535568036071e+00       2.951012476151e+01 
       2.561079703671e+00       2.929985098360e+01 
       2.586848057415e+00       2.873820456280e+01 
       2.612875679956e+00       2.783222815479e+01 
       2.639165179932e+00       2.659766781176e+01 
       2.665719192228e+00       2.505891304205e+01 
       2.692540378241e+00       2.324902687336e+01 
       2.719631426143e+00       2.120914274797e+01 
       2.746995051157e+00       1.898761449400e+01 
       2.774633995820e+00       1.663968862449e+01 
       2.802551030268e+00       1.422561087187e+01 
       2.830748952507e+00       1.180971081777e+01 
       2.859230588694e+00       9.458553319539e+00 
       2.887998793423e+00       7.239197210066e+00 
       2.917056450009e+00       5.217224049431e+00 
       2.946406470777e+00       3.454719299716e+00 
       2.976051797356e+00       2.008098007706e+00 
       3.005995400970e+00       9.260922750092e-01 
       3.036240282741e+00       2.477601439231e-01 
       3.066789473983e+00       7.192964716011e-04 
       3.097646036513e+00       1.996089220677e-01 
       3.128813062953e+00       8.448709941194e-01 
       3.160293677042e+00       1.921960413468e+00 
       3.192091033948e+00       3.401066760999e+00 
       3.224208320585e+00       5.237285377399e+00 
       3.256648755932e+00       7.371451548040e+00 
       3.289415591357e+00       9.731438821645e+00 
       3.322512110940e+00       1.223438200475e+01 
       3.355941631804e+00       1.478881742070e+01 
       3.389707504450e+00       1.729823200625e+01 
       3.423813113086e+00       1.966432248492e+01 
       3.458261875974e+00       2.179084731960e+01 
       3.493057245766e+00       2.358775077737e+01 
       3.528202709855e+00       2.497512254443e+01 
       3.563701790721e+00       2.588723169160e+01 
       3.599558046286e+00       2.627605827380e+01 
       3.635775070271e+00       2.611455590120e+01 
       3.672356492554e+00       2.539822638556e+01 
       3.709305979536e+00       2.414740327808e+01 
       3.746627234507e+00       2.240693092712e+01 
       3.784323998018e+00       2.024559758033e+01 
       3.822400048255e+00       1.775357388621e+01 
       3.860859201420e+00       1.503960705459e+01 
       3.899705312110e+00       1.222589372611e+01 
       3.938942273706e+00       9.442876086421e+00 
       3.978574018761e+00       6.822317898770e+00 
       4.018604519397e+00       4.490754137591e+00 
       4.059037787702e+00       2.562030392538e+00 
       4.099877876131e+00       1.130438053725e+00 
       4.141128877911e+00       2.644492946295e-01 
       4.182794927456e+00       1.480907139500e-03 
       4.224880200777e+00       3.443037384962e-01 
       4.267388915901e+00       1.259282390957e+00 
       4.310325333299e+00       2.676856550800e+00 
       4.353693756303e+00       4.494366150720e+00 
       4.397498531547e+00       6.581251088126e+00 
       4.441744049397e+00       8.786529575788e+00 
       4.486434744394e+00       1.094818908969e+01 
       4.531575095697e+00       1.290397997385e+01 
       4.577169627532e+00       1.450295536116e+01 
       4.623222909643e+00       1.561704360244e+01 
       4.669739557758e+00       1.615157676261e+01 
       4.716724234041e+00       1.605426583907e+01 
       4.764181647567e+00       1.532102034197e+01 
       4.812116554792e+00       1.399879318794e+01 
       4.860533760027e+00       1.218422501201e+01 
       4.909438115924e+00       1.001814767208e+01 
       4.958834523958e+00       7.675870416907e+00 
       5.008727934922e+00       5.353861612068e+00 
       5.059123349420e+00       3.253732934206e+00 
       5.110025818371e+00       1.564322232134e+00 
       5.161440443514e+00       4.439374793746e-01 
       5.213372377917e+00       4.016504263188e-03 
       5.265826826498e+00       2.961060119074e-01 
       5.318809046544e+00       1.303684786223e+00 
       5.372324348237e+00       2.940131858854e+00 
       5.426378095190e+00       5.053540801865e+00 
       5.480975704979e+00       7.438636527090e+00 
       5.536122649691e+00       9.855016392688e+00 
       5.591824456471e+00       1.205050471371e+01 
       5.648086708074e+00       1.378768542145e+01 
       5.704915043427e+00       1.487007010946e+01 
       5.762315158192e+00       1.516627833210e+01 
       5.820292805339e+00       1.462789745175e+01 
       5.878853795722e+00       1.329951651782e+01 
       5.938003998659e+00       1.131771685852e+01 
       5.997749342526e+00       8.899268589682e+00 
       6.058095815343e+00       6.318742384065e+00 
       6.119049465382e+00       3.876793828839e+00 
       6.180616401768e+00       1.863273376230e+00 
       6.242802795093e+00       5.193488750848e-01 
       6.305614878037e+00       3.220039949848e-03 
       6.369058945986e+00       3.652141108874e-01 
       6.433141357672e+00       1.536083030142e+00 
       6.497868535802e+00       3.331597416402e+00 
       6.563246967705e+00       5.474206782200e+00 
       6.629283205986e+00       7.629885356652e+00 
       6.695983869174e+00       9.456183976197e+00 
       6.763355642396e+00       1.065461625228e+01 
       6.831405278037e+00       1.101976325830e+01 
       6.900139596424e+00       1.047661396350e+01 
       6.969565486506e+00       9.099045235473e+00 
       7.039689906544e+00       7.104442282719e+00 
       7.110519884812e+00       4.823557924385e+00 
       7.182062520297e+00       2.648229030753e+00 
       7.254324983415e+00       9.647525001866e-01 
       7.327314516724e+00       8.345819613788e-02 
       7.401038435657e+00       1.774765747771e-01 
       7.475504129248e+00       1.242988050337e+00 
       7.550719060877e+00       3.090666633217e+00 
       7.626690769019e+00       5.372865192086e+00 
       7.703426867995e+00       7.644265695644e+00 
       7.780935048737e+00       9.446584920771e+00 
       7.859223079562e+00       1.040203619097e+01 
       7.938298806948e+00       1.029622435490e+01 
       8.018170156317e+00       9.131622167767e+00 
       8.098845132837e+00       7.137449307274e+00 
       8.180331822218e+00       4.729572901208e+00 
       8.262638391525e+00       2.425109565843e+00 
       8.345773089996e+00       7.281253588950e-01 
       8.429744249868e+00       1.072561984442e-02 
       8.514560287214e+00       4.183231024747e-01 
       8.600229702786e+00       1.824546271551e+00 
       8.686761082866e+00       3.851600779281e+00 
       8.774163100126e+00       5.956474048053e+00 
       8.862444514499e+00       7.566080586359e+00 
       8.951614174057e+00       8.229099325766e+00 
       9.041681015896e+00       7.744600101123e+00 
       9.132654067034e+00       6.229238067866e+00 
       9.224542445312e+00       4.098637510715e+00 
       9.317355360314e+00       1.960763096261e+00 
       9.411102114282e+00       4.452242492745e-01 
       9.505792103057e+00       1.448350217185e-02 
       9.601434817014e+00       8.134729504262e-01 
       9.698039842016e+00       2.608309786023e+00 
       9.795616860375e+00       4.841566858086e+00 
       9.894175651820e+00       6.796282022770e+00 
       9.993726094482e+00       7.823972569598e+00 
       1.009427816588e+01       7.564962151847e+00 
       1.019584194391e+01       6.084319165116e+00 
       1.029842760790e+01       3.868427342558e+00 
       1.040204543956e+01       1.671406211277e+00 
       1.050670582406e+01       2.544194309738e-01 
       1.061241925108e+01       1.059047698402e-01 
       1.071919631583e+01       1.247201251553e+00 
       1.082704772010e+01       3.206029360623e+00 
       1.093598427340e+01       5.182446482825e+00 
       1.104601689398e+01       6.356588691862e+00 
       1.115715660992e+01       6.223700763912e+00 
       1.126941456030e+01       4.818644775168e+00 
       1.138280199625e+01       2.724204434711e+00 
       1.149733028211e+01       8.417974181369e-01 
       1.161301089658e+01       5.840008402709e-03 
       1.172985543382e+01       6.032529683747e-01 
       1.184787560466e+01       2.373913795729e+00 
       1.196708323777e+01       4.501344659645e+00 
       1.208749028082e+01       5.974837850287e+00 
       1.220910880171e+01       6.069651770542e+00 
       1.233195098973e+01       4.716457765474e+00 
       1.245602915683e+01       2.564302803947e+00 
       1.258135573885e+01       6.786587115969e-01 
       1.270794329674e+01       3.425267009734e-03 
       1.283580451783e+01       8.553416624097e-01 
       1.296495221711e+01       2.729388335716e+00 
       1.309539933850e+01       4.548540263561e+00 
       1.322715895616e+01       5.252034875579e+00 
       1.336024427580e+01       4.409065909891e+00 
       1.349466863601e+01       2.497917150731e+00 
       1.363044550955e+01       6.556679266272e-01 
       1.376758850477e+01       8.738477996912e-03 
       1.390611136693e+01       9.684959426407e-01 
       1.404602797959e+01       2.937347849784e+00 
       1.418735236600e+01       4.649378237942e+00 
       1.433009869050e+01       4.972370280718e+00 
       1.447428125994e+01       3.669548375347e+00 
       1.461991452514e+01       1.596292679337e+00 
       1.476701308230e+01       1.500718851803e-01 
       1.491559167448e+01       3.051419288894e-01 
       1.506566519309e+01       1.898064565972e+00 
       1.521724867934e+01       3.709945355191e+00 
       1.537035732583e+01       4.344684094605e+00 
       1.552500647797e+01       3.291574515939e+00 
       1.568121163558e+01       1.356650580139e+00 
       1.583898845447e+01       7.111096893583e-02 
       1.599835274791e+01       4.773991355764e-01 
       1.615932048832e+01       2.247377053942e+00 
       1.632190780881e+01       3.900064721221e+00 
       1.648613100482e+01       4.017632879876e+00 
       1.665200653575e+01       2.476880257739e+00 
       1.681955102659e+01       6.050657742834e-01 
       1.698878126961e+01       3.874223904509e-02 
       1.715971422605e+01       1.238452949284e+00 
       1.733236702778e+01       3.024630685465e+00 
       1.750675697907e+01       3.651198959889e+00 
       1.768290155828e+01       2.484284999643e+00 
       1.786081841964e+01       6.672700123860e-01 
       1.804052539499e+01       2.785910609526e-02 
       1.822204049560e+01       1.222460713032e+00 
       1.840538191396e+01       3.003790664145e+00 
       1.859056802561e+01       3.473569705480e+00 
       1.877761739095e+01       2.107281741856e+00 
       1.896654875716e+01       3.749697962240e-01 
       1.915738106002e+01       1.630995424041e-01 
       1.935013342584e+01       1.645574161183e+00 
       1.954482517338e+01       3.038697188789e+00 
       1.974147581576e+01       2.656566008591e+00 
       1.994010506244e+01       9.454693073267e-01 
       2.014073282119e+01       2.365826989025e-04 
       2.034337920007e+01       9.966975789093e-01 
       2.054806450948e+01       2.663109542139e+00 
       2.075480926414e+01       2.838334356337e+00 
       2.096363418522e+01       1.275813972876e+00 
       2.117456020234e+01       2.693036147939e-02 
       2.138760845572e+01       7.250930696803e-01 
       2.160280029829e+01       2.328566385885e+00 
       2.182015729782e+01       2.525723358436e+00 
       2.203970123906e+01       1.016114741242e+00 
       2.226145412598e+01       1.395241048353e-04 
       2.248543818392e+01       9.781498299368e-01 
       2.271167586187e+01       2.460749209721e+00 
       2.294018983465e+01       2.161787512795e+00 
       2.317100300526e+01       5.309576447044e-01 
       2.340413850712e+01       1.090096004542e-01 
       2.363961970642e+01       1.497617032758e+00 
       2.387747020442e+01       2.346037259011e+00 
       2.411771383988e+01       1.209621266153e+00 
       2.436037469140e+01       1.679049796543e-02 
       2.460547707984e+01       8.172341987503e-01 
       2.485304557078e+01       2.186930389747e+00 
       2.510310497695e+01       1.671917229332e+00 
       2.535568036075e+01       1.894697808055e-01 
       2.561079703673e+01       4.132287894575e-01 
       2.586848057417e+01       1.836948786052e+00 
       2.612875679957e+01       1.694635664786e+00 
       2.639165179933e+01       2.541486436516e-01 
       2.665719192229e+01       3.417387826952e-01 
       2.692540378241e+01       1.758270322134e+00 
       2.719631426144e+01       1.615673009554e+00 
       2.746995051157e+01       1.979389742328e-01 
       2.774633995820e+01       4.167068102522e-01 
       2.802551030268e+01       1.716239347633e+00 
       2.830748952507e+01       1.241172801321e+00 
       2.859230588694e+01       3.183718209585e-02 
       2.887998793423e+01       7.653348777409e-01 
       2.917056450009e+01       1.755406372754e+00 
       2.946406470777e+01       7.252211574962e-01 
       2.976051797356e+01       4.717836157393e-02 
       3.005995400970e+01       1.237197470530e+00 
       3.036240282741e+01       1.371264102157e+00 
       3.066789473983e+01       1.167947665570e-01 
       3.097646036513e+01       5.585428800039e-01 
       3.128813062953e+01       1.556602923155e+00 
       3.160293677042e+01       5.711956806002e-01 
       3.192091033948e+01       1.141748690917e-01 
       3.224208320585e+01       1.288576301195e+00 
       3.256648755932e+01       9.272814245014e-01 
       3.289415591357e+01       1.493689808040e-03 
       3.322512110940e+01       1.003107743678e+00 
       3.355941631804e+01       1.143022215136e+00 
       3.389707504450e+01       3.007111067891e-02 
       3.423813113086e+01       7.507102806816e-01 
       3.458261875974e+01       1.154903640422e+00 
       3.493057245766e+01       6.074650711913e-02 
       3.528202709855e+01       6.691057584488e-01 
       3.563701790720e+01       1.131915011766e+00 
       3.599558046286e+01       5.641544775644e-02 
       3.635775070271e+01       6.685744936982e-01 
       3.672356492554e+01       9.954171961144e-01 
       3.709305979536e+01       1.116398567868e-02 
       3.746627234507e+01       8.019881795288e-01 
       3.784323998018e+01       8.088520143928e-01 
       3.822400048255e+01       1.076908075196e-02 
       3.860859201420e+01       9.399984640338e-01 
       3.899705312110e+01       4.727093364459e-01 
       3.938942273705e+01       1.701404107086e-01 
       3.978574018761e+01       1.009085248555e+00 
       4.018604519397e+01       1.282625319528e-01 
       4.059037787702e+01       5.219474118456e-01 
       4.099877876131e+01       7.434936310612e-01 
       4.141128877911e+01       1.515700272926e-02 
       4.182794927456e+01       8.782096824988e-01 
       4.224880200776e+01       2.365308232468e-01 
       4.267388915901e+01       3.808452454953e-01 
       4.310325333298e+01       7.081843260010e-01 
       4.353693756303e+01       1.749681503531e-02 
       4.397498531546e+01       8.207900255785e-01 
       4.441744049397e+01       1.204560300519e-01 
       4.486434744394e+01       5.109891896277e-01 
       4.531575095697e+01       4.530817259773e-01 
       4.577169627532e+01       1.672708380036e-01 
       4.623222909643e+01       7.021767831553e-01 
       4.669739557758e+01       4.842089833818e-03 
       4.716724234041e+01       7.137348940266e-01 
       4.764181647567e+01       4.488509514315e-02 
       4.812116554792e+01       5.919743768414e-01 
       4.860533760027e+01       1.842252713533e-01 
       4.909438115924e+01       4.133628695421e-01 
       4.958834523958e+01       3.153668794640e-01 
       5.008727934922e+01       2.766309779883e-01 
       5.059123349420e+01       4.134114488713e-01 
       5.110025818371e+01       1.800944817711e-01 
       5.161440443514e+01       4.516159867108e-01 
       5.213372377917e+01       1.363443567290e-01 
       5.265826826498e+01       4.623525272447e-01 
       5.318809046544e+01       1.212311702042e-01 
       5.372324348237e+01       4.314791462807e-01 
       5.426378095190e+01       1.419000666725e-01 
       5.480975704979e+01       3.809335284753e-01 
       5.536122649691e+01       1.887118071784e-01 
       5.591824456471e+01       2.893038842497e-01 
       5.648086708074e+01       2.746874371200e-01 
       5.704915043427e+01       1.761639739939e-01 
       5.762315158192e+01       3.736851321081e-01 
       5.820292805339e+01       5.654505942935e-02 
       5.878853795722e+01       4.552445899719e-01 
       5.938003998659e+01       1.080555821972e-05 
       5.997749342526e+01       4.316839464696e-01 
       6.058095815343e+01       7.357925321930e-02 
       6.119049465382e+01       2.735186989868e-01 
       6.180616401767e+01       2.639313464263e-01 
       6.242802795093e+01       5.824681074366e-02 
       6.305614878037e+01       4.057069599458e-01 
       6.369058945986e+01       1.852477970912e-02 
       6.433141357672e+01       2.837709766434e-01 
       6.497868535801e+01       2.360179300781e-01 
       6.563246967705e+01       3.383206788784e-02 
       6.629283205985e+01       3.646620508436e-01 
       6.695983869174e+01       8.164659086944e-02 
       6.763355642396e+01       1.297801726559e-01 
       6.831405278037e+01       3.319807132243e-01 
       6.900139596424e+01       2.413366056404e-02 
       6.969565486506e+01       1.763119081259e-01 
       7.039689906544e+01       2.962416142496e-01 
       7.110519884812e+01       1.649214714648e-02 
       7.182062520297e+01       1.587618770128e-01 
       7.254324983415e+01       2.917693900576e-01 
       7.327314516724e+01       4.119569063029e-02 
       7.401038435657e+01       8.765765726744e-02 
       7.475504129248e+01       2.866723220657e-01 
       7.550719060877e+01       1.245576033226e-01 
       7.626690769019e+01       7.334672793278e-03 
       7.703426867994e+01       1.981001049332e-01 
       7.780935048737e+01       2.434299360010e-01 
       7.859223079562e+01       5.013241356524e-02 
       7.938298806948e+01       2.811250457410e-02 
       8.018170156317e+01       2.009407740115e-01 
       8.098845132837e+01       2.247285047720e-01 
       8.180331822218e+01       6.800641353298e-02 
       8.262638391525e+01       4.502776299821e-03 
       8.345773089995e+01       1.209523121604e-01 
       8.429744249867e+01       2.230289262455e-01 
       8.514560287214e+01       1.669310367629e-01 
       8.600229702786e+01       4.222988646475e-02 
       8.686761082866e+01       2.886010572665e-03 
       8.774163100126e+01       7.857517081735e-02 
       8.862444514499e+01       1.746950178582e-01 
       8.951614174057e+01       1.964830892611e-01 
       9.041681015896e+01       1.371190745219e-01 
       9.132654067034e+01       5.245408112933e-02 
       9.224542445312e+01       3.576290012297e-03 
       9.317355360313e+01       1.112972205891e-02 
       9.411102114282e+01       5.835556125743e-02 
       9.505792103057e+01       1.144844041220e-01 
       9.601434817014e+01       1.539477394682e-01 
       9.698039842016e+01       1.682548974072e-01 
       9.795616860375e+01       1.591860037614e-01 
       9.894175651820e+01       1.367605758163e-01 
       9.993726094482e+01       1.090553116058e-01 
       1.009427816588e+02       8.341647428686e-02 
